----------------------------------------------------------------------------------------------------------------------------
Problem		n	c	m	m*	abs.dev 	%dev 		BD 		SX		CPU time(sec)
----------------------------------------------------------------------------------------------------------------------------
MERTENS.IN2   	7	6	6	6	0		0		7		3.87		4.8e-05
			7	5	5	0		0		6		3.16		4.2e-05
			8	5	5	0		0		11		5.2		3.2e-05
			10	4	3	1		33.3		11		6.71		2.8e-05
			15	3	2	1		50		16		11		2.7e-05
			18	2	2	0		0		7		7		1.6e-05

BOWMAN8.IN2   	8	20	5	5	0		0		25		13.2		4e-05

JAESCHKE.IN2   	9	6	8	8	0		0		11		4.8		3.9e-05
			7	7	7	0		0		12		5.29		3.6e-05
			8	6	6	0		0		11		5.74		3.4e-05
			10	4	4	0		0		3		2.24		3e-05
			18	3	3	0		0		17		13		2.9e-05

JACKSON.IN2   	11	7	8	8	0		0		10		4.69		6.4e-05
			9	6	6	0		0		8		4.9		0.000102
			10	6	5	1		20		14		7.87		5.2e-05
			13	4	4	0		0		6		4.47		2.6e-05
			14	4	4	0		0		10		6.16		2.6e-05
			21	3	3	0		0		17		17		2.4e-05

MANSOOR.IN2   	11	48	5	4	1		25		55		32.3		3.8e-05
			62	4	3	1		33.3		63		40.2		3.1e-05
			94	3	2	1		50		97		67.4		2.3e-05

MITCHELL.IN2   	21	14	9	8	1		12.5		21		9.64		0.0001
			15	9	8	1		12.5		30		13.3		7.2e-05
			21	6	5	1		20		21		14.9		6.7e-05
			26	5	5	0		0		25		15.5		6.2e-05
			35	4	3	1		33.3		35		28.4		5.8e-05
			39	3	3	0		0		12		7.87		5.6e-05

ROSZIEG.IN2   	25	14	10	10	0		0		15		7.81		0.000179
			16	9	8	1		12.5		19		12.6		0.000121
			18	8	8	0		0		19		14.3		8.4e-05
			21	7	6	1		16.7		22		17.5		0.00014
			25	6	6	0		0		25		14.2		9e-05
			32	5	4	1		25		35		28.3		0.000101

HESKIA.IN2   	28	138	9	8	1		12.5		218		92.4		0.000192
			205	6	5	1		20		206		142		0.000159
			216	5	5	0		0		56		41.2		0.000121
			256	5	4	1		25		256		192		0.000121
			324	4	4	0		0		272		252		0.000106
			342	4	3	1		33.3		344		279		0.000172

BUXEY.IN2   	29	27	14	13	1		7.69		54		19.2		0.000155
			30	12	12	0		0		36		14.1		0.000137
			33	11	11	0		0		39		13.9		0.000127
			36	10	10	0		0		36		18.7		0.000186
			41	9	8	1		12.5		45		24.2		0.000113
			47	8	7	1		14.3		52		30.1		0.000122
			54	7	7	0		0		54		35.8		9.2e-05

SAWYER30.IN2   	30	25	16	14	2		14.3		76		25.9		0.000209
			27	15	13	2		15.4		81		25.7		0.000146
			30	13	12	1		8.33		66		22.4		0.000163
			33	12	11	1		9.09		72		28.9		0.000103
			36	10	10	0		0		36		17.9		0.000126
			41	9	8	1		12.5		45		27.4		0.0001
			47	8	7	1		14.3		52		33.3		8.5e-05
			54	7	7	0		0		54		34		0.000106
			75	5	5	0		0		51		31		0.000148

LUTZ1.IN2   	32	1414	12	11	1		9.09		2828		1.17e+03		0.000154
			1572	11	10	1		10		3152		1.33e+03		0.00011
			1768	9	9	0		0		1772		692		8.4e-05
			2020	8	8	0		0		2020		1.05e+03		9.7e-05
			2357	8	7	1		14.3		4716		2.22e+03		8.2e-05
			2828	6	6	0		0		2828		2.39e+03		9.1e-05

GUNTHER.IN2   	35	41	17	14	3		21.4		214		71		0.000185
			44	13	12	1		8.33		89		33.9		0.000187
			49	12	11	1		9.09		105		47.9		0.00014
			54	10	9	1		11.1		57		22.7		0.000115
			61	9	9	0		0		66		28.5		0.000107
			69	8	8	0		0		69		37.5		0.000114
			81	7	7	0		0		84		54		0.000106

KILBRID.IN2   	45	56	11	10	1		10		64		51.3		0.000215
			57	10	10	0		0		18		7.07		0.000197
			62	10	9	1		11.1		68		52.9		0.000191
			69	9	8	1		12.5		69		48.1		0.000227
			79	8	7	1		14.3		80		69.2		0.000346
			92	7	6	1		16.7		92		71.4		0.000171
			110	6	6	0		0		108		100		0.000169
			111	6	5	1		20		114		101		0.000231
			138	5	4	1		25		138		133		0.000269
			184	4	3	1		33.3		184		179		0.000202

HAHN.IN2   	53	2004	8	8	0		0		2006		1.05e+03		0.000195
			2338	8	7	1		14.3		4678		2.26e+03		0.000214
			2806	6	6	0		0		2810		1.5e+03		0.000237
			3507	5	5	0		0		3509		2.13e+03		0.000161
			4676	4	4	0		0		4678		3.67e+03		0.00015

WARNECKE.IN2   	58	54	35	31	4		12.9		342		85.1		0.000423
			56	34	29	5		17.2		356		86.4		0.000363
			58	32	29	3		10.3		308		81.2		0.000323
			60	30	27	3		11.1		252		63.9		0.000311
			62	30	27	3		11.1		312		72.8		0.000317
			65	29	25	4		16		337		88.4		0.000319
			68	27	24	3		12.5		288		72.5		0.000298
			71	25	23	2		8.7		227		67.3		0.000351
			74	25	22	3		13.6		302		83.5		0.00042
			78	23	21	2		9.52		246		84.2		0.000314
			82	22	20	2		10		256		82.3		0.000284
			86	21	19	2		10.5		258		94.4		0.000428
			92	19	17	2		11.8		200		83.3		0.000274
			97	18	17	1		5.88		198		90.6		0.00026
			104	16	15	1		6.67		116		53.8		0.000272
			111	15	14	1		7.14		117		52.9		0.000514

TONGE70.IN2   	70	160	25	23	2		8.7		490		143		0.000602
			168	23	22	1		4.55		354		125		0.000386
			176	23	21	2		9.52		538		162		0.000382
			185	22	20	2		10		560		197		0.000394
			195	20	19	1		5.26		390		122		0.000506
			207	19	18	1		5.56		423		190		0.000402
			220	19	17	2		11.8		670		276		0.00051
			234	17	16	1		6.25		468		236		0.000329
			251	15	14	1		7.14		255		114		0.000359
			270	14	14	0		0		270		162		0.000308
			293	13	13	0		0		299		168		0.00032
			320	12	11	1		9.09		330		178		0.000295
			364	11	10	1		10		494		293		0.000298
			410	9	9	0		0		180		120		0.000315
			468	8	8	0		0		234		151		0.000279
			527	7	7	0		0		179		100		0.00028

WEE-MAG.IN2   	75	28	65	63	2		3.17		321		50.2		0.000556
			29	64	63	1		1.59		357		52.4		0.000573
			30	64	62	2		3.23		421		59.3		0.000595
			31	64	62	2		3.23		485		66.7		0.000527
			32	62	61	1		1.64		485		65.9		0.000519
			33	61	61	0		0		514		71.1		0.000578
			34	61	61	0		0		575		78.4		0.000575
			35	61	60	1		1.67		636		85.8		0.000514
			36	60	60	0		0		661		90.3		0.000509
			37	60	60	0		0		721		98.2		0.000508
			38	60	60	0		0		781		106		0.000532
			39	60	60	0		0		841		114		0.000568
			40	60	60	0		0		901		121		0.000508
			41	60	59	1		1.69		961		129		0.000505
			42	56	55	1		1.82		853		123		0.000555
			43	51	50	1		2		694		113		0.000505
			45	42	38	4		10.5		391		81.7		0.000494
			46	39	34	5		14.7		295		70		0.0006
			47	36	32	4		12.5		193		55.8		0.000479
			49	33	32	1		3.12		118		36		0.000421
			50	33	32	1		3.12		151		42.9		0.000461
			52	32	31	1		3.23		165		38.8		0.000402
			54	32	31	1		3.23		229		52.6		0.000411
			56	31	30	1		3.33		237		47.8		0.0004

ARC83.IN2   	83	3786	22	21	1		4.76		7585		2.12e+03		0.000485
			3985	21	20	1		5		7978		2.72e+03		0.000408
			4206	20	19	1		5.26		8413		2.43e+03		0.000383
			4454	20	18	2		11.1		13373		4.12e+03		0.000357
			4732	18	17	1		5.88		9469		3.95e+03		0.000348
			5048	16	16	0		0		5061		1.54e+03		0.000372
			5408	15	15	0		0		5413		1.74e+03		0.000364
			5824	14	14	0		0		5829		2.57e+03		0.000321
			5853	14	14	0		0		6235		2.63e+03		0.000334
			6309	13	13	0		0		6310		2.31e+03		0.000389
			6842	12	12	0		0		6397		2.7e+03		0.000318
			6883	12	12	0		0		6889		2.81e+03		0.000322
			7571	11	11	0		0		7574		4.12e+03		0.000351
			8412	10	10	0		0		8413		5.33e+03		0.000334
			8898	9	9	0		0		4375		2.14e+03		0.000332
			10816	8	8	0		0		10821		7.45e+03		0.00031

LUTZ2.IN2   	89	11	53	49	4		8.16		98		17.7		0.000678
			12	50	44	6		13.6		115		21.2		0.000566
			13	45	40	5		12.5		100		19.6		0.000616
			14	43	37	6		16.2		117		22.6		0.000552
			15	37	34	3		8.82		70		17.2		0.000521
			16	35	31	4		12.9		75		18		0.000515
			17	33	29	4		13.8		76		17		0.000538
			18	31	28	3		10.7		73		17.6		0.00055
			19	28	26	2		7.69		47		12.8		0.000447
			20	27	25	2		8		55		13.6		0.00047
			21	26	24	2		8.33		61		18.8		0.000432

LUTZ3.IN2   	89	75	26	23	3		13		306		94.8		0.000488
			79	23	22	1		4.55		173		57.5		0.00048
			83	23	21	2		9.52		265		74.4		0.000414
			87	23	20	3		15		357		106		0.000482
			92	21	19	2		10.5		288		78.4		0.000391
			97	20	18	2		11.1		296		83.9		0.000389
			103	18	17	1		5.88		210		75.4		0.000411
			110	17	15	2		13.3		226		102		0.00041
			118	16	14	2		14.3		244		85		0.000372
			127	15	14	1		7.14		261		121		0.000367
			137	13	13	0		0		137		46.6		0.000374
			150	12	12	0		0		156		73.3		0.000345

MUKHERJE.IN2   	94	176	27	25	2		8		544		183		0.00069
			183	25	24	1		4.17		367		107		0.000722
			192	24	23	1		4.35		400		136		0.000657
			201	23	22	1		4.55		415		139		0.00068
			211	22	21	1		4.76		434		163		0.000743
			222	21	20	1		5		454		196		0.000765
			234	20	19	1		5.26		472		206		0.000637
			248	19	18	1		5.56		504		230		0.000668
			263	18	17	1		5.88		526		242		0.000614
			281	16	16	0		0		288		146		0.000634
			301	15	15	0		0		307		126		0.000598
			324	14	14	0		0		328		170		0.000582
			351	13	13	0		0		355		252		0.000657

ARC111.IN2   	111	5755	29	27	2		7.41		16496		4.68e+03		0.00097
			5785	29	27	2		7.41		17366		5.09e+03		0.000839
			6016	28	26	2		7.69		18049		4.78e+03		0.000794
			6267	27	25	2		8		18810		5.11e+03		0.000882
			6540	27	24	3		12.5		26181		7.22e+03		0.000871
			6837	25	23	2		8.7		20526		7.02e+03		0.000842
			7162	24	22	2		9.09		21489		7.08e+03		0.000754
			7520	23	21	2		9.52		22561		7.82e+03		0.000785
			7916	22	20	2		10		23753		9.75e+03		0.00118
			8356	21	19	2		10.5		25077		8.2e+03		0.000772
			8847	19	18	1		5.56		17694		5.9e+03		0.000791
			9400	17	17	0		0		9401		3.97e+03		0.000721
			10027	17	16	1		6.25		20060		7.75e+03		0.000725
			10743	16	15	1		6.67		21489		9.15e+03		0.000719
			11378	15	14	1		7.14		20271		8.74e+03		0.000763
			11570	14	13	1		7.69		11581		7.49e+03		0.000711
			17067	9	9	0		0		3204		1.55e+03		0.000708

BARTHOL2.IN2   	148	84	55	51	4		7.84		386		82.9		0.00164
			85	55	50	5		10		441		93.9		0.00146
			87	53	49	4		8.16		377		89.5		0.00144
			89	53	48	5		10.4		483		106		0.00151
			91	52	47	5		10.6		498		105		0.00146
			93	51	46	5		10.9		509		110		0.00144
			95	50	45	5		11.1		516		114		0.00157
			97	49	44	5		11.4		519		120		0.00147
			99	48	43	5		11.6		518		118		0.00147
			101	46	42	4		9.52		412		96		0.00143
			104	45	41	4		9.76		446		106		0.00169
			106	44	40	4		10		430		98.9		0.00139
			109	43	39	4		10.3		453		113		0.00167
			112	41	38	3		7.89		358		90.8		0.00146
			115	40	37	3		8.11		366		97.4		0.00142
			118	39	36	3		8.33		368		100		0.0017
			121	38	35	3		8.57		364		109		0.00162
			125	37	34	3		8.82		391		116		0.00172
			129	35	33	2		6.06		281		87.4		0.00146
			133	35	32	3		9.38		421		121		0.00146
			137	33	31	2		6.45		287		96.9		0.00142
			142	32	30	2		6.67		310		94.2		0.00173
			146	31	29	2		6.9		292		94		0.00148
			152	30	28	2		7.14		326		109		0.00122
			157	29	27	2		7.41		319		113		0.00142
			163	28	26	2		7.69		330		122		0.00131
			170	27	25	2		8		356		130		0.00112

BARTHOLD.IN2   	148	403	15	14	1		7.14		411		260		0.00156
			434	14	13	1		7.69		442		290		0.00148
			470	13	12	1		8.33		476		394		0.00131
			513	12	11	1		9.09		522		438		0.00118
			564	11	10	1		10		570		489		0.00106
			626	10	9	1		11.1		626		479		0.00107
			705	9	8	1		12.5		711		629		0.00113
			805	8	7	1		14.3		806		658		0.00118

SCHOLL.IN2   	297	1394	53	50	3		6		4227		1.18e+03		0.00434
			1422	51	50	1		2		2867		753		0.00417
			1452	50	48	2		4.17		2945		817		0.00411
			1483	49	47	2		4.26		3012		865		0.00416
			1515	48	46	2		4.35		3065		1.17e+03		0.00422
			1548	47	46	1		2.17		3101		1.18e+03		0.0042
			1584	46	44	2		4.55		3209		1.22e+03		0.0042
			1620	45	44	1		2.27		3245		986		0.00434
			1659	43	42	1		2.38		1682		449		0.00386
			1699	43	42	1		2.38		3402		1.1e+03		0.00549
			1742	42	40	2		5		3509		1.16e+03		0.00471
			1787	41	39	2		5.13		3612		1.25e+03		0.00401
			1834	39	38	1		2.63		1871		643		0.00396
			1883	39	37	2		5.41		3782		1.39e+03		0.00383
			1935	37	36	1		2.78		1940		622		0.00369
			1991	36	35	1		2.86		2021		683		0.00367
			2049	35	34	1		2.94		2060		1.03e+03		0.00375
			2111	34	33	1		3.03		2119		814		0.00405
			2177	33	32	1		3.12		2186		1.16e+03		0.00398
			2247	32	31	1		3.23		2249		1.23e+03		0.00392
			2322	31	30	1		3.33		2327		1.32e+03		0.00346
			2402	30	29	1		3.45		2405		1.42e+03		0.00372
			2488	29	28	1		3.57		2497		1.46e+03		0.00394
			2580	28	27	1		3.7		2585		1.16e+03		0.00388
			2680	27	26	1		3.85		2705		1.68e+03		0.0036
			2787	26	25	1		4		2807		1.39e+03		0.00384

