----------------------------------------------------------------------------------------------------------------------------
Problem		n	c	m	m*	abs.dev 	%dev 		BD 		SX		CPU time(sec)
----------------------------------------------------------------------------------------------------------------------------
ARC83.IN2	83	3786	22	21	1		4.7619		7585		2732.91		6.20665
			3985	21	20	1		5		7978		2150.29		9.42169
			4206	20	19	1		5.26316		8413		3398.12		9.98271
			4454	19	18	1		5.55556		8919		3528.6		10.5144
			4732	18	17	1		5.88235		9469		3088.68		6.54801
			5048	16	16	0		0		5061		1689.18		9.35892
			5408	15	15	0		0		5413		2261.09		10.4344
			5824	14	14	0		0		5829		3001.1		6.73475
			5853	14	14	0		0		6235		2015.04		8.82684
			6309	13	13	0		0		6310		2924.1		5.74563
			6842	12	12	0		0		6397		2726.39		4.79492
			6883	12	12	0		0		6889		2703.72		6.20115
			7571	11	11	0		0		7574		3083.06		6.45605
			8412	10	10	0		0		8413		5192.23		6.48283
			8898	9	9	0		0		4375		2390.64		6.47094
