----------------------------------------------------------------------------------------------------------------------------
Problem		n	c	m	m*	abs.dev 	%dev 		BD 		SX		CPU time(sec)
----------------------------------------------------------------------------------------------------------------------------
MERTENS.IN2   	7	6	6	6	0		0		7		3.87		6.5e-05
			7	5	5	0		0		6		3.16		2.5e-05
			8	5	5	0		0		11		5.74		3.1e-05
			10	4	3	1		33.3		11		6.56		3e-05
			15	2	2	0		0		1		1		2.6e-05
			18	2	2	0		0		7		7		1.6e-05

BOWMAN8.IN2   	8	20	5	5	0		0		25		13.2		2.9e-05

JAESCHKE.IN2   	9	6	8	8	0		0		11		4.8		7.2e-05
			7	7	7	0		0		12		5.29		9.3e-05
			8	6	6	0		0		11		5.74		4.1e-05
			10	4	4	0		0		3		2.24		2.4e-05
			18	3	3	0		0		17		13		2.1e-05

JACKSON.IN2   	11	7	9	8	1		12.5		17		6.86		5.7e-05
			9	6	6	0		0		8		4.9		5.3e-05
			10	6	5	1		20		14		8.25		4.8e-05
			13	5	4	1		25		19		10.5		4.1e-05
			14	4	4	0		0		10		6.16		2.8e-05
			21	3	3	0		0		17		13		3.5e-05

MANSOOR.IN2   	11	48	5	4	1		25		55		29.7		4e-05
			62	4	3	1		33.3		63		37.4		3.3e-05
			94	2	2	0		0		3		3		3.5e-05

MITCHELL.IN2   	21	14	8	8	0		0		7		3.32		8e-05
			15	8	8	0		0		15		6.56		7.1e-05
			21	6	5	1		20		21		14.9		6.1e-05
			26	5	5	0		0		25		16.9		5.6e-05
			35	4	3	1		33.3		35		28.7		5.3e-05
			39	3	3	0		0		12		9.49		4.8e-05

ROSZIEG.IN2   	25	14	10	10	0		0		15		7.81		0.0001
			16	9	8	1		12.5		19		12.7		7.7e-05
			18	8	8	0		0		19		14.3		0.0001
			21	7	6	1		16.7		22		17.5		8.8e-05
			25	6	6	0		0		25		14.3		9.9e-05
			32	4	4	0		0		3		2.24		7e-05

HESKIA.IN2   	28	138	9	8	1		12.5		218		110		0.00027
			205	6	5	1		20		206		142		0.000151
			216	5	5	0		0		56		40		0.00012
			256	5	4	1		25		256		194		0.00018
			324	4	4	0		0		272		253		0.000137
			342	3	3	0		0		2		1.41		0.000115

BUXEY.IN2   	29	27	14	13	1		7.69		54		19.2		0.000137
			30	12	12	0		0		36		13.2		0.000115
			33	11	11	0		0		39		16.3		0.000107
			36	10	10	0		0		36		13.6		0.000105
			41	9	8	1		12.5		45		23.5		0.000104
			47	8	7	1		14.3		52		30.4		9.3e-05
			54	7	7	0		0		54		35.7		9e-05

SAWYER30.IN2   	30	25	15	14	1		7.14		51		20.6		0.000157
			27	14	13	1		7.69		54		19.5		0.000137
			30	12	12	0		0		36		16.5		0.000121
			33	12	11	1		9.09		72		35		0.000137
			36	10	10	0		0		36		13		0.000114
			41	9	8	1		12.5		45		26.3		0.000149
			47	8	7	1		14.3		52		39.1		0.000129
			54	7	7	0		0		54		37.4		0.000108
			75	5	5	0		0		51		37		0.000146

LUTZ1.IN2   	32	1414	12	11	1		9.09		2828		1.37e+03		0.000116
			1572	11	10	1		10		3152		1.18e+03		9.9e-05
			1768	9	9	0		0		1772		669		0.000257
			2020	9	8	1		12.5		4040		2.31e+03		9e-05
			2357	7	7	0		0		2359		1.45e+03		8.5e-05
			2828	6	6	0		0		2828		1.95e+03		8.1e-05

GUNTHER.IN2   	35	41	15	14	1		7.14		132		52.6		0.000187
			44	14	12	2		16.7		133		46.6		0.000139
			49	11	11	0		0		56		24.4		0.00014
			54	10	9	1		11.1		57		25		0.000123
			61	9	9	0		0		66		29.1		0.000146
			69	9	8	1		12.5		138		53.6		0.000109
			81	7	7	0		0		84		46		0.000187

KILBRID.IN2   	45	56	11	10	1		10		64		34.2		0.000362
			57	11	10	1		10		75		41		0.000185
			62	10	9	1		11.1		68		29.6		0.000248
			69	10	8	2		25		138		79		0.000318
			79	8	7	1		14.3		80		58.1		0.000222
			92	7	6	1		16.7		92		82.2		0.000234
			110	6	6	0		0		108		74.9		0.000207
			111	6	5	1		20		114		76.4		0.000241
			138	5	4	1		25		138		128		0.000166
			184	4	3	1		33.3		184		174		0.000156

HAHN.IN2   	53	2004	8	8	0		0		2006		1.04e+03		0.00027
			2338	8	7	1		14.3		4678		2.26e+03		0.000174
			2806	6	6	0		0		2810		1.87e+03		0.000179
			3507	5	5	0		0		3509		2.15e+03		0.000274
			4676	4	4	0		0		4678		3.67e+03		0.000173

WARNECKE.IN2   	58	54	35	31	4		12.9		342		79.8		0.000373
			56	33	29	4		13.8		300		72.2		0.000411
			58	31	29	2		6.9		250		66.5		0.000343
			60	31	27	4		14.8		312		77.7		0.000528
			62	29	27	2		7.41		250		64.5		0.000471
			65	29	25	4		16		337		87.4		0.000313
			68	27	24	3		12.5		288		70		0.000536
			71	26	23	3		13		298		76.4		0.000371
			74	25	22	3		13.6		302		73.1		0.000471
			78	22	21	1		4.76		168		56.8		0.000446
			82	21	20	1		5		174		53.8		0.0004
			86	20	19	1		5.26		172		77.8		0.000338
			92	19	17	2		11.8		200		63.1		0.000295
			97	18	17	1		5.88		198		67.8		0.000394
			104	16	15	1		6.67		116		37.6		0.000292
			111	16	14	2		14.3		228		104		0.000256

TONGE70.IN2   	70	160	24	23	1		4.35		330		109		0.00046
			168	23	22	1		4.55		354		129		0.000443
			176	22	21	1		4.76		362		93.1		0.000361
			185	21	20	1		5		375		117		0.000369
			195	20	19	1		5.26		390		139		0.000495
			207	18	18	0		0		216		87		0.000422
			220	17	17	0		0		230		95.6		0.000366
			234	16	16	0		0		234		69.6		0.000348
			251	15	14	1		7.14		255		108		0.000353
			270	14	14	0		0		270		131		0.000443
			293	13	13	0		0		299		198		0.000409
			320	12	11	1		9.09		330		224		0.000413
			364	10	10	0		0		130		59.2		0.00045
			410	9	9	0		0		180		103		0.00039
			468	8	8	0		0		234		189		0.000307
			527	7	7	0		0		179		110		0.000301

WEE-MAG.IN2   	75	28	63	63	0		0		265		40.1		0.000701
			29	63	63	0		0		328		47.3		0.000721
			30	62	62	0		0		361		49.6		0.000761
			31	62	62	0		0		423		56.9		0.000785
			32	61	61	0		0		453		62.2		0.000802
			33	61	61	0		0		514		70.8		0.000867
			34	61	61	0		0		575		78.1		0.000763
			35	60	60	0		0		601		82.4		0.000748
			36	60	60	0		0		661		90		0.000772
			37	60	60	0		0		721		98.1		0.00072
			38	60	60	0		0		781		106		0.000715
			39	60	60	0		0		841		113		0.000797
			40	60	60	0		0		901		121		0.000691
			41	59	59	0		0		920		126		0.000893
			42	56	55	1		1.82		853		123		0.000706
			43	51	50	1		2		694		112		0.000701
			45	42	38	4		10.5		391		82.1		0.000673
			46	37	34	3		8.82		203		56.8		0.000583
			47	34	32	2		6.25		99		31		0.000574
			49	33	32	1		3.12		118		34.3		0.000665
			50	32	32	0		0		101		24.5		0.00061
			52	32	31	1		3.23		165		42.9		0.000525
			54	31	31	0		0		175		43.6		0.00051
			56	31	30	1		3.33		237		53.6		0.000508

ARC83.IN2   	83	3786	22	21	1		4.76		7585		2.55e+03		0.000459
			3985	21	20	1		5		7978		2.14e+03		0.000412
			4206	20	19	1		5.26		8413		3.32e+03		0.000637
			4454	19	18	1		5.56		8919		3.26e+03		0.000399
			4732	18	17	1		5.88		9469		3.94e+03		0.000411
			5048	16	16	0		0		5061		1.79e+03		0.000415
			5408	15	15	0		0		5413		1.66e+03		0.000412
			5824	14	14	0		0		5829		1.83e+03		0.000412
			5853	14	14	0		0		6235		1.92e+03		0.000445
			6309	13	13	0		0		6310		2.26e+03		0.000481
			6842	13	12	1		8.33		13239		5.67e+03		0.000577
			6883	12	12	0		0		6889		3.59e+03		0.000412
			7571	11	11	0		0		7574		4.16e+03		0.00037
			8412	10	10	0		0		8413		4.08e+03		0.000408
			8898	9	9	0		0		4375		2.08e+03		0.000471
			10816	8	8	0		0		10821		7.45e+03		0.000461

LUTZ2.IN2   	89	11	54	49	5		10.2		109		18.8		0.000643
			12	52	44	8		18.2		139		24.2		0.000589
			13	46	40	6		15		113		21.2		0.000536
			14	45	37	8		21.6		145		26.3		0.000754
			15	38	34	4		11.8		85		20.3		0.00084
			16	35	31	4		12.9		75		18.3		0.000522
			17	33	29	4		13.8		76		17.7		0.000567
			18	31	28	3		10.7		73		17.7		0.000501
			19	29	26	3		11.5		66		18		0.000491
			20	27	25	2		8		55		13.5		0.00047
			21	26	24	2		8.33		61		15.1		0.000472

LUTZ3.IN2   	89	75	25	23	2		8.7		231		72.1		0.000469
			79	25	22	3		13.6		331		96		0.000489
			83	23	21	2		9.52		265		72.1		0.000455
			87	23	20	3		15		357		105		0.000427
			92	20	19	1		5.26		196		58.9		0.000578
			97	20	18	2		11.1		296		86.4		0.00038
			103	18	17	1		5.88		210		73.3		0.000613
			110	17	15	2		13.3		226		93.4		0.000398
			118	15	14	1		7.14		126		46.2		0.000385
			127	15	14	1		7.14		261		124		0.000382
			137	13	13	0		0		137		50.9		0.000378
			150	12	12	0		0		156		69.5		0.000393

MUKHERJE.IN2   	94	176	27	25	2		8		544		194		0.000831
			183	25	24	1		4.17		367		146		0.000731
			192	23	23	0		0		208		97.7		0.000825
			201	23	22	1		4.55		415		155		0.000688
			211	22	21	1		4.76		434		163		0.000809
			222	21	20	1		5		454		202		0.000746
			234	20	19	1		5.26		472		211		0.000765
			248	18	18	0		0		256		101		0.000839
			263	17	17	0		0		263		117		0.000731
			281	16	16	0		0		288		148		0.000754
			301	15	15	0		0		307		131		0.000681
			324	14	14	0		0		328		178		0.000665
			351	13	13	0		0		355		252		0.000626

ARC111.IN2   	111	5755	28	27	1		3.7		10741		4.22e+03		0.00101
			5785	28	27	1		3.7		11581		4.33e+03		0.000976
			6016	27	26	1		3.85		12033		4.66e+03		0.000935
			6267	25	25	0		0		6276		2.15e+03		0.00103
			6540	24	24	0		0		6561		2.47e+03		0.00102
			6837	23	23	0		0		6852		3.68e+03		0.00101
			7162	22	22	0		0		7165		2.38e+03		0.00102
			7520	21	21	0		0		7521		4.8e+03		0.000978
			7916	20	20	0		0		7921		3.69e+03		0.000995
			8356	19	19	0		0		8365		5.16e+03		0.000969
			8847	18	18	0		0		8847		6.09e+03		0.00103
			9400	17	17	0		0		9401		5.12e+03		0.001
			10027	16	16	0		0		10033		7.26e+03		0.000949
			10743	15	15	0		0		10746		8.01e+03		0.00095
			11378	14	14	0		0		8893		6.92e+03		0.000927
			11570	14	13	1		7.69		11581		8.81e+03		0.00106
			17067	9	9	0		0		3204		2.15e+03		0.000957

BARTHOL2.IN2   	148	84	54	51	3		5.88		302		58.2		0.00154
			85	54	50	4		8		356		73.2		0.00143
			87	53	49	4		8.16		377		79.1		0.00211
			89	52	48	4		8.33		394		83.2		0.00166
			91	51	47	4		8.51		407		87.2		0.00158
			93	50	46	4		8.7		416		84.7		0.00161
			95	49	45	4		8.89		421		89.2		0.00162
			97	48	44	4		9.09		422		89.7		0.00155
			99	47	43	4		9.3		419		104		0.0015
			101	47	42	5		11.9		513		115		0.00168
			104	44	41	3		7.32		342		76.2		0.00154
			106	43	40	3		7.5		324		76.5		0.00146
			109	42	39	3		7.69		344		86.9		0.00145
			112	41	38	3		7.89		358		94.8		0.00154
			115	40	37	3		8.11		366		108		0.00146
			118	39	36	3		8.33		368		103		0.00148
			121	38	35	3		8.57		364		109		0.00155
			125	37	34	3		8.82		391		116		0.0015
			129	35	33	2		6.06		281		84.4		0.00133
			133	34	32	2		6.25		288		95.9		0.00152
			137	33	31	2		6.45		287		94.2		0.00157
			142	32	30	2		6.67		310		100		0.00156
			146	31	29	2		6.9		292		105		0.00156
			152	30	28	2		7.14		326		114		0.0016
			157	28	27	1		3.7		162		39.8		0.00138
			163	27	26	1		3.85		167		57.4		0.00125
			170	26	25	1		4		186		44.8		0.00183

BARTHOLD.IN2   	148	403	15	14	1		7.14		411		327		0.00157
			434	14	13	1		7.69		442		359		0.00129
			470	13	12	1		8.33		476		396		0.00117
			513	12	11	1		9.09		522		439		0.00152
			564	11	10	1		10		570		489		0.00136
			626	10	9	1		11.1		626		550		0.00145
			705	9	8	1		12.5		711		629		0.00118
			805	8	7	1		14.3		806		729		0.00111

SCHOLL.IN2   	297	1394	53	50	3		6		4227		1.17e+03		0.0041
			1422	52	50	2		4		4289		1.23e+03		0.00392
			1452	51	48	3		6.25		4397		1.32e+03		0.00399
			1483	49	47	2		4.26		3012		870		0.00454
			1515	48	46	2		4.35		3065		1.13e+03		0.00444
			1548	47	46	1		2.17		3101		871		0.00452
			1584	46	44	2		4.55		3209		935		0.00419
			1620	45	44	1		2.27		3245		989		0.0048
			1659	44	42	2		4.76		3341		1.08e+03		0.00451
			1699	43	42	1		2.38		3402		1.1e+03		0.00457
			1742	42	40	2		5		3509		1.17e+03		0.00432
			1787	41	39	2		5.13		3612		1.24e+03		0.00403
			1834	40	38	2		5.26		3705		1.3e+03		0.00479
			1883	39	37	2		5.41		3782		1.39e+03		0.00433
			1935	38	36	2		5.56		3875		1.48e+03		0.00454
			1991	36	35	1		2.86		2021		697		0.00429
			2049	35	34	1		2.94		2060		724		0.0042
			2111	34	33	1		3.03		2119		795		0.00399
			2177	33	32	1		3.12		2186		632		0.0043
			2247	32	31	1		3.23		2249		931		0.00403
			2322	31	30	1		3.33		2327		1.03e+03		0.0037
			2402	30	29	1		3.45		2405		1.39e+03		0.00365
			2488	29	28	1		3.57		2497		1.47e+03		0.00362
			2580	28	27	1		3.7		2585		1.56e+03		0.00363
			2680	27	26	1		3.85		2705		1.2e+03		0.00346
			2787	26	25	1		4		2807		1.34e+03		0.00356

