----------------------------------------------------------------------------------------------------------------------------
Problem		n	c	m	m*	abs.dev 	%dev 		BD 		SX		CPU time(sec)
----------------------------------------------------------------------------------------------------------------------------
MERTENS.IN2   	7	6	6	6	0		0		7		3.32		0.000105
			7	6	5	1		20		13		5.57		4.7e-05
			8	6	5	1		20		19		7.94		3.4e-05
			10	4	3	1		33.3		11		6.56		3e-05
			15	3	2	1		50		16		10.5		2.7e-05
			18	2	2	0		0		7		7		2.5e-05

BOWMAN8.IN2   	8	20	5	5	0		0		25		12.4		2.9e-05

JAESCHKE.IN2   	9	6	8	8	0		0		11		4.8		3.6e-05
			7	7	7	0		0		12		5.29		3.7e-05
			8	6	6	0		0		11		5.74		3.3e-05
			10	5	4	1		25		13		7		3.2e-05
			18	3	3	0		0		17		13		2.9e-05

JACKSON.IN2   	11	7	9	8	1		12.5		17		6.86		6.1e-05
			9	7	6	1		16.7		17		7.68		5.3e-05
			10	6	5	1		20		14		7.21		5.8e-05
			13	4	4	0		0		6		3.16		5.1e-05
			14	4	4	0		0		10		5.1		8.7e-05
			21	3	3	0		0		17		13		4.3e-05

MANSOOR.IN2   	11	48	5	4	1		25		55		29.7		3.9e-05
			62	4	3	1		33.3		63		35.2		3.7e-05
			94	2	2	0		0		3		3		3.2e-05

MITCHELL.IN2   	21	14	10	8	2		25		35		15.7		9.9e-05
			15	10	8	2		25		45		18.1		6.3e-05
			21	6	5	1		20		21		12.5		6.8e-05
			26	5	5	0		0		25		13.1		8.2e-05
			35	4	3	1		33.3		35		21.2		7.6e-05
			39	3	3	0		0		12		8.49		5.5e-05

ROSZIEG.IN2   	25	14	11	10	1		10		29		11.8		8.8e-05
			16	9	8	1		12.5		19		9.11		0.000133
			18	9	8	1		12.5		37		15.7		6.8e-05
			21	7	6	1		16.7		22		17.5		7.4e-05
			25	6	6	0		0		25		16.8		6.8e-05
			32	5	4	1		25		35		23.9		5.5e-05

HESKIA.IN2   	28	138	10	8	2		25		356		127		0.000128
			205	6	5	1		20		206		141		0.000155
			216	6	5	1		20		272		161		0.000101
			256	5	4	1		25		256		152		8.8e-05
			324	4	4	0		0		272		211		9.4e-05
			342	4	3	1		33.3		344		236		0.000122

BUXEY.IN2   	29	27	15	13	2		15.4		81		24.8		0.000112
			30	14	12	2		16.7		96		28		8.9e-05
			33	13	11	2		18.2		105		34.5		8.4e-05
			36	11	10	1		10		72		29.4		8.3e-05
			41	9	8	1		12.5		45		19.8		8.4e-05
			47	8	7	1		14.3		52		19.1		8.2e-05
			54	7	7	0		0		54		25.4		9.8e-05

SAWYER30.IN2   	30	25	17	14	3		21.4		101		29.9		0.000131
			27	15	13	2		15.4		81		25		0.000199
			30	14	12	2		16.7		96		28.2		9.1e-05
			33	13	11	2		18.2		105		34.3		0.000118
			36	12	10	2		20		108		39.8		8.3e-05
			41	9	8	1		12.5		45		24		8.5e-05
			47	9	7	2		28.6		99		38		7.5e-05
			54	7	7	0		0		54		27.5		7.3e-05
			75	5	5	0		0		51		30.8		6.8e-05

LUTZ1.IN2   	32	1414	12	11	1		9.09		2828		1.36e+03		0.000129
			1572	11	10	1		10		3152		1.09e+03		0.000161
			1768	10	9	1		11.1		3540		1.75e+03		9e-05
			2020	9	8	1		12.5		4040		1.82e+03		0.000123
			2357	7	7	0		0		2359		1.15e+03		0.000214
			2828	6	6	0		0		2828		1.79e+03		7.7e-05

GUNTHER.IN2   	35	41	19	14	5		35.7		296		85.3		0.000456
			44	15	12	3		25		177		56.4		0.000211
			49	12	11	1		9.09		105		39.7		0.000116
			54	11	9	2		22.2		111		40.9		0.000109
			61	10	9	1		11.1		127		50.2		0.000124
			69	9	8	1		12.5		138		54.5		9.9e-05
			81	8	7	1		14.3		165		70.4		0.000253

KILBRID.IN2   	45	56	11	10	1		10		64		28.9		0.000188
			57	11	10	1		10		75		31.2		0.000172
			62	11	9	2		22.2		130		45.6		0.000166
			69	10	8	2		25		138		73		0.000192
			79	8	7	1		14.3		80		34.4		0.000203
			92	7	6	1		16.7		92		43.2		0.000208
			110	6	6	0		0		108		70.2		0.000168
			111	6	5	1		20		114		73		0.000214
			138	5	4	1		25		138		117		0.000148
			184	4	3	1		33.3		184		144		0.00014

HAHN.IN2   	53	2004	8	8	0		0		2006		1.05e+03		0.000296
			2338	8	7	1		14.3		4678		2.06e+03		0.000167
			2806	6	6	0		0		2810		1.4e+03		0.000157
			3507	5	5	0		0		3509		2.13e+03		0.000205
			4676	4	4	0		0		4678		3.67e+03		0.00015

WARNECKE.IN2   	58	54	35	31	4		12.9		342		79.7		0.000356
			56	35	29	6		20.7		412		88.6		0.000298
			58	35	29	6		20.7		482		104		0.000298
			60	35	27	8		29.6		552		114		0.000649
			62	35	27	8		29.6		622		124		0.000457
			65	33	25	8		32		597		121		0.000331
			68	31	24	7		29.2		560		118		0.000392
			71	30	23	7		30.4		582		127		0.000389
			74	28	22	6		27.3		524		115		0.000277
			78	26	21	5		23.8		480		118		0.000265
			82	24	20	4		20		420		112		0.000258
			86	23	19	4		21.1		430		122		0.000256
			92	22	17	5		29.4		476		133		0.000269
			97	20	17	3		17.6		392		124		0.000308
			104	18	15	3		20		324		114		0.000257
			111	17	14	3		21.4		339		98.8		0.000239

TONGE70.IN2   	70	160	27	23	4		17.4		810		214		0.0004
			168	27	22	5		22.7		1026		247		0.000358
			176	26	21	5		23.8		1066		281		0.00032
			185	23	20	3		15		745		201		0.000302
			195	22	19	3		15.8		780		211		0.000294
			207	21	18	3		16.7		837		251		0.0003
			220	20	17	3		17.6		890		282		0.000372
			234	20	16	4		25		1170		340		0.000286
			251	17	14	3		21.4		757		240		0.000276
			270	16	14	2		14.3		810		319		0.00027
			293	14	13	1		7.69		592		226		0.000272
			320	13	11	2		18.2		650		285		0.000263
			364	11	10	1		10		494		175		0.000254
			410	10	9	1		11.1		590		241		0.000257
			468	8	8	0		0		234		109		0.000244
			527	8	7	1		14.3		706		362		0.000241

WEE-MAG.IN2   	75	28	66	63	3		4.76		349		54.6		0.000579
			29	65	63	2		3.17		386		58.1		0.000568
			30	64	62	2		3.23		421		59.7		0.000533
			31	64	62	2		3.23		485		68		0.000521
			32	62	61	1		1.64		485		67.1		0.00063
			33	62	61	1		1.64		547		74.4		0.0005
			34	61	61	0		0		575		78.1		0.000598
			35	61	60	1		1.67		636		85.5		0.000478
			36	61	60	1		1.67		697		93.6		0.000498
			37	61	60	1		1.67		758		102		0.000477
			38	60	60	0		0		781		106		0.000501
			39	60	60	0		0		841		114		0.000637
			40	60	60	0		0		901		122		0.000535
			41	60	59	1		1.69		961		129		0.000573
			42	60	55	5		9.09		1021		137		0.000476
			43	55	50	5		10		866		127		0.000475
			45	47	38	9		23.7		616		108		0.000428
			46	46	34	12		35.3		617		109		0.000446
			47	43	32	11		34.4		522		99.5		0.000538
			49	37	32	5		15.6		314		72.8		0.000441
			50	36	32	4		12.5		301		69.5		0.000466
			52	33	31	2		6.45		217		48.2		0.000499
			54	31	31	0		0		175		37.8		0.000382
			56	31	30	1		3.33		237		47.4		0.000407

ARC83.IN2   	83	3786	24	21	3		14.3		15157		4.06e+03		0.000384
			3985	23	20	3		15		15948		4.11e+03		0.000344
			4206	21	19	2		10.5		12619		4.01e+03		0.000414
			4454	20	18	2		11.1		13373		3.74e+03		0.000341
			4732	18	17	1		5.88		9469		3.12e+03		0.000326
			5048	17	16	1		6.25		10109		3.11e+03		0.000322
			5408	15	15	0		0		5413		1.8e+03		0.000318
			5824	14	14	0		0		5829		2.02e+03		0.000311
			5853	14	14	0		0		6235		2.1e+03		0.00031
			6309	14	13	1		7.69		12619		4.31e+03		0.000311
			6842	13	12	1		8.33		13239		5.25e+03		0.000407
			6883	13	12	1		8.33		13772		5.35e+03		0.00034
			7571	11	11	0		0		7574		2.98e+03		0.000315
			8412	10	10	0		0		8413		4.21e+03		0.000305
			8898	9	9	0		0		4375		1.67e+03		0.000367
			10816	8	8	0		0		10821		7.33e+03		0.000294

LUTZ2.IN2   	89	11	55	49	6		12.2		120		20.5		0.000635
			12	55	44	11		25		175		28		0.000509
			13	47	40	7		17.5		126		23.1		0.000476
			14	45	37	8		21.6		145		26.6		0.000467
			15	41	34	7		20.6		130		26.4		0.000448
			16	40	31	9		29		155		30.6		0.000547
			17	35	29	6		20.7		110		24.1		0.000475
			18	34	28	6		21.4		127		27.8		0.000456
			19	30	26	4		15.4		85		21.2		0.000442
			20	28	25	3		12		75		17.9		0.000629
			21	27	24	3		12.5		82		18.8		0.000444

LUTZ3.IN2   	89	75	27	23	4		17.4		381		112		0.000446
			79	25	22	3		13.6		331		102		0.000404
			83	24	21	3		14.3		348		99.3		0.000405
			87	24	20	4		20		444		114		0.000394
			92	22	19	3		15.8		380		95.6		0.000392
			97	20	18	2		11.1		296		84.9		0.000415
			103	19	17	2		11.8		313		105		0.000428
			110	17	15	2		13.3		226		69.1		0.00039
			118	16	14	2		14.3		244		83.9		0.0004
			127	15	14	1		7.14		261		115		0.000434
			137	13	13	0		0		137		52		0.000363
			150	12	12	0		0		156		55.7		0.000356

MUKHERJE.IN2   	94	176	29	25	4		16		896		237		0.000655
			183	28	24	4		16.7		916		227		0.000595
			192	26	23	3		13		784		200		0.00055
			201	25	22	3		13.6		817		215		0.00063
			211	24	21	3		14.3		856		214		0.000641
			222	23	20	3		15		898		228		0.00054
			234	22	19	3		15.8		940		247		0.000619
			248	20	18	2		11.1		752		252		0.000538
			263	19	17	2		11.8		789		236		0.000531
			281	18	16	2		12.5		850		261		0.000603
			301	16	15	1		6.67		608		255		0.000504
			324	15	14	1		7.14		652		276		0.000627
			351	14	13	1		7.69		706		300		0.000542

ARC111.IN2   	111	5755	34	27	7		25.9		45271		9.81e+03		0.000702
			5785	34	27	7		25.9		46291		9.95e+03		0.000639
			6016	34	26	8		30.8		54145		1.12e+04		0.000637
			6267	30	25	5		20		37611		9.4e+03		0.000702
			6540	28	24	4		16.7		32721		7.97e+03		0.000617
			6837	26	23	3		13		27363		8.12e+03		0.000649
			7162	25	22	3		13.6		28651		8.01e+03		0.000647
			7520	25	21	4		19		37601		9.49e+03		0.000598
			7916	25	20	5		25		47501		1.13e+04		0.000596
			8356	22	19	3		15.8		33433		8.51e+03		0.000683
			8847	21	18	3		16.7		35388		9.5e+03		0.000617
			9400	20	17	3		17.6		37601		1.02e+04		0.000655
			10027	17	16	1		6.25		20060		6.68e+03		0.000601
			10743	17	15	2		13.3		32232		1.03e+04		0.00063
			11378	15	14	1		7.14		20271		7.53e+03		0.000604
			11570	15	13	2		15.4		23151		8.51e+03		0.000662
			17067	10	9	1		11.1		20271		1.02e+04		0.0006

BARTHOL2.IN2   	148	84	65	51	14		27.5		1226		184		0.00443
			85	64	50	14		28		1206		184		0.00161
			87	62	49	13		26.5		1160		185		0.00135
			89	61	48	13		27.1		1195		187		0.00141
			91	58	47	11		23.4		1044		172		0.0016
			93	57	46	11		23.9		1067		175		0.00138
			95	56	45	11		24.4		1086		180		0.00132
			97	55	44	11		25		1101		187		0.00117
			99	55	43	12		27.9		1211		200		0.00146
			101	53	42	11		26.2		1119		189		0.00114
			104	52	41	11		26.8		1174		203		0.00122
			106	50	40	10		25		1066		189		0.00116
			109	48	39	9		23.1		998		179		0.00132
			112	46	38	8		21.1		918		170		0.00142
			115	45	37	8		21.6		941		177		0.00136
			118	45	36	9		25		1076		194		0.00144
			121	44	35	9		25.7		1090		201		0.00126
			125	41	34	7		20.6		891		195		0.00129
			129	39	33	6		18.2		797		181		0.00111
			133	38	32	6		18.8		820		187		0.00117
			137	36	31	5		16.1		698		173		0.00112
			142	36	30	6		20		878		195		0.00101
			146	34	29	5		17.2		730		187		0.0011
			152	32	28	4		14.3		630		158		0.00111
			157	31	27	4		14.8		633		150		0.00129
			163	31	26	5		19.2		819		187		0.0013
			170	29	25	4		16		696		170		0.00111

BARTHOLD.IN2   	148	403	16	14	2		14.3		814		380		0.00146
			434	16	13	3		23.1		1310		551		0.00118
			470	14	12	2		16.7		946		421		0.00103
			513	13	11	2		18.2		1035		545		0.00106
			564	11	10	1		10		570		215		0.000974
			626	10	9	1		11.1		626		270		0.00108
			705	9	8	1		12.5		711		327		0.00112
			805	8	7	1		14.3		806		443		0.00101

SCHOLL.IN2   	297	1394	58	50	8		16		11197		1.98e+03		0.00353
			1422	55	50	5		10		8555		1.67e+03		0.00358
			1452	55	48	7		14.6		10205		1.9e+03		0.00324
			1483	54	47	7		14.9		10427		2.06e+03		0.00335
			1515	53	46	7		15.2		10640		2.15e+03		0.00325
			1548	51	46	5		10.9		9293		1.79e+03		0.00336
			1584	51	44	7		15.9		11129		2.13e+03		0.00332
			1620	49	44	5		11.4		9725		1.96e+03		0.0035
			1659	49	42	7		16.7		11636		2.34e+03		0.00338
			1699	48	42	6		14.3		11897		2.34e+03		0.00334
			1742	46	40	6		15		10477		2.12e+03		0.00335
			1787	45	39	6		15.4		10760		2.25e+03		0.00334
			1834	43	38	5		13.2		9207		2e+03		0.00328
			1883	42	37	5		13.5		9431		2.11e+03		0.0033
			1935	41	36	5		13.9		9680		2.2e+03		0.00316
			1991	39	35	4		11.4		7994		1.86e+03		0.00317
			2049	38	34	4		11.8		8207		1.99e+03		0.00326
			2111	36	33	3		9.09		6341		1.46e+03		0.00302
			2177	35	32	3		9.38		6540		1.48e+03		0.00324
			2247	34	31	3		9.68		6743		1.51e+03		0.00356
			2322	33	30	3		10		6971		1.55e+03		0.00324
			2402	31	29	2		6.9		4807		1.15e+03		0.00328
			2488	30	28	2		7.14		4985		1.18e+03		0.00326
			2580	30	27	3		11.1		7745		2.02e+03		0.00334
			2680	28	26	2		7.69		5385		1.47e+03		0.00534
			2787	28	25	3		12		8381		2.4e+03		0.00334

