----------------------------------------------------------------------------------------------------------------------------
Problem		n	c	m	m*	abs.dev 	%dev 		BD 		SX		CPU time(sec)
----------------------------------------------------------------------------------------------------------------------------
MERTENS.IN2	7	6	6	6	0		0		7		3.32		0.00022
			7	6	5	1		20		13		5.57		4.6e-05
			8	6	5	1		20		19		7.94		3.4e-05
			10	4	3	1		33.3		11		6.56		2.7e-05
			15	2	2	0		0		1		1		3.5e-05
			18	2	2	0		0		7		7		2.5e-05

BOWMAN8.IN2	8	20	5	5	0		0		25		12.4		3.9e-05

JAESCHKE.IN2	9	6	8	8	0		0		11		4.8		4.6e-05
			7	7	7	0		0		12		5.29		2.9e-05
			8	6	6	0		0		11		5.74		4.4e-05
			10	4	4	0		0		3		2.24		3.2e-05
			18	3	3	0		0		17		13		2.2e-05

JACKSON.IN2	11	7	8	8	0		0		10		4.69		4.4e-05
			9	6	6	0		0		8		4.24		4.4e-05
			10	6	5	1		20		14		7.21		4.3e-05
			13	4	4	0		0		6		4.47		3.8e-05
			14	4	4	0		0		10		6.16		3.8e-05
			21	3	3	0		0		17		17		3.4e-05

MANSOOR.IN2	11	48	5	4	1		25		55		32.3		3.5e-05
			62	4	3	1		33.3		63		37.9		3.5e-05
			94	3	2	1		50		97		67.4		3.2e-05

MITCHELL.IN2	21	14	10	8	2		25		35		15.7		8.7e-05
			15	10	8	2		25		45		18.1		8.8e-05
			21	6	5	1		20		21		12.5		5.7e-05
			26	5	5	0		0		25		13.1		7.6e-05
			35	4	3	1		33.3		35		21.2		5.2e-05
			39	3	3	0		0		12		8.49		7e-05

ROSZIEG.IN2	25	14	10	10	0		0		15		8.06		7.4e-05
			16	9	8	1		12.5		19		9.11		8.2e-05
			18	8	8	0		0		19		8.19		7e-05
			21	7	6	1		16.7		22		14.2		0.000104
			25	6	6	0		0		25		17.6		6.8e-05
			32	5	4	1		25		35		24.9		5.4e-05

HESKIA.IN2	28	138	8	8	0		0		80		37.5		0.000131
			205	6	5	1		20		206		139		0.000117
			216	6	5	1		20		272		160		9.6e-05
			256	5	4	1		25		256		150		9.3e-05
			324	4	4	0		0		272		208		0.000103
			342	4	3	1		33.3		344		275		9.4e-05

BUXEY.IN2	29	27	15	13	2		15.4		81		24.6		0.000113
			30	13	12	1		8.33		66		23.2		0.000104
			33	12	11	1		9.09		72		29.7		0.000125
			36	11	10	1		10		72		29		9.9e-05
			41	9	8	1		12.5		45		21.9		9.5e-05
			47	8	7	1		14.3		52		32.2		8.3e-05
			54	7	7	0		0		54		25.3		0.000118

SAWYER30.IN2	30	25	16	14	2		14.3		76		26.3		0.000125
			27	14	13	1		7.69		54		19.9		0.000133
			30	13	12	1		8.33		66		22.2		0.000115
			33	12	11	1		9.09		72		27.8		0.000115
			36	10	10	0		0		36		15.7		0.000107
			41	10	8	2		25		86		35.8		8.6e-05
			47	8	7	1		14.3		52		32.5		8.6e-05
			54	7	7	0		0		54		33.2		7.7e-05
			75	5	5	0		0		51		25.8		7.1e-05

LUTZ1.IN2	32	1414	12	11	1		9.09		2828		1.34e+03		0.000158
			1572	11	10	1		10		3152		1.16e+03		0.000116
			1768	9	9	0		0		1772		669		9.7e-05
			2020	8	8	0		0		2020		1.04e+03		8.4e-05
			2357	7	7	0		0		2359		1.33e+03		0.000108
			2828	6	6	0		0		2828		1.8e+03		8.7e-05

GUNTHER.IN2	35	41	17	14	3		21.4		214		72.1		0.000147
			44	14	12	2		16.7		133		46.8		0.000126
			49	12	11	1		9.09		105		40.8		0.000128
			54	10	9	1		11.1		57		22.2		0.000119
			61	9	9	0		0		66		30.7		0.000114
			69	8	8	0		0		69		38.3		0.000115
			81	7	7	0		0		84		44.1		9.2e-05

KILBRID.IN2	45	56	12	10	2		20		120		60.1		0.000243
			57	11	10	1		10		75		48.5		0.000168
			62	10	9	1		11.1		68		42.2		0.000153
			69	9	8	1		12.5		69		34.7		0.00017
			79	8	7	1		14.3		80		40.7		0.000145
			92	7	6	1		16.7		92		71.1		0.000147
			110	6	6	0		0		108		100		0.000149
			111	6	5	1		20		114		101		0.000148
			138	5	4	1		25		138		128		0.000122
			184	4	3	1		33.3		184		163		0.000144

HAHN.IN2	53	2004	9	8	1		12.5		4010		1.74e+03		0.000189
			2338	8	7	1		14.3		4678		2.26e+03		0.000173
			2806	6	6	0		0		2810		2.02e+03		0.000182
			3507	5	5	0		0		3509		2.13e+03		0.000162
			4676	4	4	0		0		4678		3.67e+03		0.000155

WARNECKE.IN2	58	54	37	31	6		19.4		450		103		0.000326
			56	35	29	6		20.7		412		94.6		0.000347
			58	34	29	5		17.2		424		98.5		0.000296
			60	32	27	5		18.5		372		93.3		0.000276
			62	31	27	4		14.8		374		89.9		0.000277
			65	30	25	5		20		402		99.5		0.000292
			68	28	24	4		16.7		356		94.4		0.000278
			71	27	23	4		17.4		369		95		0.000284
			74	25	22	3		13.6		302		78.3		0.000281
			78	24	21	3		14.3		324		93.7		0.00028
			82	23	20	3		15		338		101		0.000289
			86	21	19	2		10.5		258		95.7		0.000314
			92	20	17	3		17.6		292		95		0.000234
			97	18	17	1		5.88		198		64.7		0.00023
			104	16	15	1		6.67		116		44.9		0.000271
			111	16	14	2		14.3		228		81.5		0.000254

TONGE70.IN2	70	160	25	23	2		8.7		490		143		0.000369
			168	25	22	3		13.6		690		179		0.000344
			176	23	21	2		9.52		538		151		0.000332
			185	23	20	3		15		745		225		0.000327
			195	22	19	3		15.8		780		223		0.000334
			207	21	18	3		16.7		837		277		0.000308
			220	19	17	2		11.8		670		247		0.000364
			234	18	16	2		12.5		702		277		0.000298
			251	16	14	2		14.3		506		244		0.000288
			270	14	14	0		0		270		123		0.000278
			293	14	13	1		7.69		592		243		0.000276
			320	12	11	1		9.09		330		126		0.00028
			364	11	10	1		10		494		300		0.000249
			410	9	9	0		0		180		67		0.000248
			468	8	8	0		0		234		129		0.000235
			527	7	7	0		0		179		107		0.000244

WEE-MAG.IN2	75	28	65	63	2		3.17		321		50.4		0.00052
			29	64	63	1		1.59		357		52.6		0.000445
			30	64	62	2		3.23		421		59.6		0.000449
			31	64	62	2		3.23		485		67.9		0.000445
			32	62	61	1		1.64		485		67.1		0.000444
			33	61	61	0		0		514		70.9		0.000431
			34	61	61	0		0		575		78.5		0.000442
			35	61	60	1		1.67		636		85.8		0.000505
			36	60	60	0		0		661		90.3		0.000429
			37	60	60	0		0		721		98.1		0.000431
			38	60	60	0		0		781		106		0.000437
			39	60	60	0		0		841		114		0.000422
			40	60	60	0		0		901		121		0.000434
			41	60	59	1		1.69		961		129		0.000633
			42	59	55	4		7.27		979		133		0.000489
			43	54	50	4		8		823		123		0.000445
			45	43	38	5		13.2		436		88.2		0.000402
			46	42	34	8		23.5		433		88.9		0.00039
			47	39	0	39		inf		334		76.3		0.000371
			49	36	32	4		12.5		265		63		0.000352
			50	35	32	3		9.38		251		60.4		0.0004
			52	33	31	2		6.45		217		49.2		0.000387
			54	32	31	1		3.23		229		47.5		0.000349
			56	32	30	2		6.67		293		61.3		0.00039

ARC83.IN2	83	3786	23	21	2		9.52		11371		3.82e+03		0.000368
			3985	23	20	3		15		15948		4.46e+03		0.000343
			4206	21	19	2		10.5		12619		3.98e+03		0.000334
			4454	19	18	1		5.56		8919		2.77e+03		0.00032
			4732	18	17	1		5.88		9469		3.16e+03		0.000332
			5048	17	16	1		6.25		10109		3.04e+03		0.000304
			5408	15	15	0		0		5413		1.74e+03		0.000298
			5824	14	14	0		0		5829		2.54e+03		0.000287
			5853	14	14	0		0		6235		2.61e+03		0.000341
			6309	13	13	0		0		6310		2.28e+03		0.000302
			6842	13	12	1		8.33		13239		5.25e+03		0.00029
			6883	13	12	1		8.33		13772		5.43e+03		0.000315
			7571	11	11	0		0		7574		4.12e+03		0.000316
			8412	10	10	0		0		8413		4.98e+03		0.000276
			8898	9	9	0		0		4375		2.08e+03		0.000269
			10816	8	8	0		0		10821		7.35e+03		0.000268

LUTZ2.IN2	89	11	55	49	6		12.2		120		20.5		0.000547
			12	50	44	6		13.6		115		20.4		0.000538
			13	46	40	6		15		113		21.1		0.000652
			14	44	37	7		18.9		131		24.9		0.000502
			15	39	34	5		14.7		100		21		0.000487
			16	37	31	6		19.4		107		24.6		0.000495
			17	33	29	4		13.8		76		18.4		0.000474
			18	31	28	3		10.7		73		19.2		0.000464
			19	29	26	3		11.5		66		17.9		0.000519
			20	27	25	2		8		55		15.1		0.000435
			21	26	24	2		8.33		61		18.3		0.000545

LUTZ3.IN2	89	75	25	23	2		8.7		231		72.6		0.000452
			79	24	22	2		9.09		252		77.6		0.000465
			83	23	21	2		9.52		265		89.8		0.000432
			87	22	20	2		10		270		76.2		0.000418
			92	20	19	1		5.26		196		68.6		0.000444
			97	19	18	1		5.56		199		66.7		0.000397
			103	18	17	1		5.88		210		88.3		0.000482
			110	17	15	2		13.3		226		78.9		0.000408
			118	16	14	2		14.3		244		112		0.000375
			127	14	14	0		0		134		53.5		0.000391
			137	13	13	0		0		137		57.8		0.000405
			150	12	12	0		0		156		94.6		0.000376

MUKHERJE.IN2	94	176	28	25	3		12		720		221		0.000635
			183	25	24	1		4.17		367		112		0.00065
			192	24	23	1		4.35		400		119		0.000594
			201	24	22	2		9.09		616		195		0.000612
			211	22	21	1		4.76		434		150		0.000632
			222	22	20	2		10		676		206		0.000622
			234	21	19	2		10.5		706		229		0.000686
			248	19	18	1		5.56		504		203		0.00056
			263	17	17	0		0		263		96.5		0.000712
			281	17	16	1		6.25		569		198		0.000557
			301	16	15	1		6.67		608		244		0.000545
			324	15	14	1		7.14		652		276		0.000548
			351	13	13	0		0		355		134		0.00051

ARC111.IN2	111	5755	30	27	3		11.1		22251		6.04e+03		0.000784
			5785	30	27	3		11.1		23151		6.16e+03		0.000759
			6016	28	26	2		7.69		18049		5.03e+03		0.000775
			6267	28	25	3		12		25077		6.76e+03		0.000722
			6540	26	24	2		8.33		19641		5.77e+03		0.000714
			6837	26	23	3		13		27363		7.85e+03		0.0007
			7162	25	22	3		13.6		28651		8.31e+03		0.000731
			7520	23	21	2		9.52		22561		8.11e+03		0.00074
			7916	22	20	2		10		23753		9.19e+03		0.000656
			8356	21	19	2		10.5		25077		7.9e+03		0.000659
			8847	19	18	1		5.56		17694		6.89e+03		0.000674
			9400	19	17	2		11.8		28201		9.98e+03		0.000725
			10027	17	16	1		6.25		20060		7.33e+03		0.00069
			10743	15	15	0		0		10746		5.37e+03		0.000672
			11378	15	14	1		7.14		20271		8.69e+03		0.000611
			11570	14	13	1		7.69		11581		5.16e+03		0.000564
			17067	10	9	1		11.1		20271		1.23e+04		0.000601

BARTHOL2.IN2	148	84	56	51	5		9.8		470		104		0.00141
			85	55	50	5		10		441		90.7		0.00133
			87	53	49	4		8.16		377		85.3		0.00133
			89	52	48	4		8.33		394		93.8		0.00126
			91	51	47	4		8.51		407		89.7		0.00118
			93	50	46	4		8.7		416		86.3		0.00118
			95	50	45	5		11.1		516		112		0.00121
			97	50	44	6		13.6		616		126		0.0012
			99	48	43	5		11.6		518		109		0.00123
			101	47	42	5		11.9		513		108		0.00118
			104	46	41	5		12.2		550		108		0.00119
			106	45	40	5		12.5		536		108		0.00124
			109	44	39	5		12.8		562		117		0.00122
			112	43	38	5		13.2		582		131		0.00127
			115	42	37	5		13.5		596		148		0.00111
			118	42	36	6		16.7		722		171		0.00117
			121	40	35	5		14.3		606		145		0.00115
			125	39	34	5		14.7		641		143		0.0012
			129	36	33	3		9.09		410		135		0.0011
			133	34	32	2		6.25		288		74.2		0.00117
			137	34	31	3		9.68		424		109		0.00124
			142	32	30	2		6.67		310		87.6		0.00105
			146	32	29	3		10.3		438		124		0.00111
			152	30	28	2		7.14		326		97		0.00114
			157	30	27	3		11.1		476		168		0.00121
			163	28	26	2		7.69		330		103		0.00108
			170	27	25	2		8		356		160		0.00115

BARTHOLD.IN2	148	403	15	14	1		7.14		411		337		0.00108
			434	14	13	1		7.69		442		270		0.000971
			470	13	12	1		8.33		476		358		0.000965
			513	12	11	1		9.09		522		429		0.000894
			564	11	10	1		10		570		454		0.00103
			626	10	9	1		11.1		626		560		0.000945
			705	9	8	1		12.5		711		640		0.000944
			805	8	7	1		14.3		806		783		0.000916

SCHOLL.IN2	297	1394	54	50	4		8		5621		1.39e+03		0.00356
			1422	54	50	4		8		7133		1.56e+03		0.00365
			1452	52	48	4		8.33		5849		1.41e+03		0.00359
			1483	52	47	5		10.6		7461		1.83e+03		0.00323
			1515	50	46	4		8.7		6095		1.63e+03		0.00342
			1548	50	46	4		8.7		7745		1.93e+03		0.00336
			1584	49	44	5		11.4		7961		2.04e+03		0.00349
			1620	47	44	3		6.82		6485		1.57e+03		0.00325
			1659	45	42	3		7.14		5000		1.25e+03		0.00329
			1699	45	42	3		7.14		6800		1.63e+03		0.00317
			1742	43	40	3		7.5		5251		1.39e+03		0.00335
			1787	43	39	4		10.3		7186		1.72e+03		0.00333
			1834	42	38	4		10.5		7373		1.82e+03		0.0032
			1883	41	37	4		10.8		7548		2.18e+03		0.00331
			1935	40	36	4		11.1		7745		2.23e+03		0.0032
			1991	39	35	4		11.4		7994		2.32e+03		0.00335
			2049	37	34	3		8.82		6158		1.94e+03		0.00313
			2111	35	33	2		6.06		4230		1.16e+03		0.00371
			2177	34	32	2		6.25		4363		1.4e+03		0.00344
			2247	33	31	2		6.45		4496		1.27e+03		0.0032
			2322	32	30	2		6.67		4649		1.53e+03		0.00304
			2402	31	29	2		6.9		4807		1.72e+03		0.00326
			2488	29	28	1		3.57		2497		639		0.00397
			2580	28	27	1		3.7		2585		825		0.00296
			2680	28	26	2		7.69		5385		1.79e+03		0.00289
			2787	27	25	2		8		5594		2e+03		0.00308

