----------------------------------------------------------------------------------------------------------------------------
Problem		n	c	m	m*	abs.dev 	%dev 		BD 		SX		CPU time(sec)
----------------------------------------------------------------------------------------------------------------------------
MERTENS.IN2   	7	6	6	6	0		0		7		3.32		9e-05
			7	6	5	1		20		13		5.57		2.4e-05
			8	6	5	1		20		19		7.94		2.2e-05
			10	3	3	0		0		1		1		1.8e-05
			15	2	2	0		0		1		1		1.7e-05
			18	2	2	0		0		7		7		1.7e-05

BOWMAN8.IN2   	8	20	5	5	0		0		25		12.4		3.4e-05

JAESCHKE.IN2   	9	6	8	8	0		0		11		4.8		4.5e-05
			7	7	7	0		0		12		5.29		2.9e-05
			8	6	6	0		0		11		5.74		2.8e-05
			10	4	4	0		0		3		1.73		2.4e-05
			18	3	3	0		0		17		13		2.2e-05

JACKSON.IN2   	11	7	9	8	1		12.5		17		6.86		5e-05
			9	7	6	1		16.7		17		7.68		4.5e-05
			10	6	5	1		20		14		7.21		8.7e-05
			13	4	4	0		0		6		4.47		3e-05
			14	4	4	0		0		10		6.16		2.9e-05
			21	3	3	0		0		17		17		6.2e-05

MANSOOR.IN2   	11	48	5	4	1		25		55		32.3		4e-05
			62	4	3	1		33.3		63		37.4		3.3e-05
			94	3	2	1		50		97		67.4		2.5e-05

MITCHELL.IN2   	21	14	10	8	2		25		35		15.7		7.7e-05
			15	9	8	1		12.5		30		13		7.4e-05
			21	6	5	1		20		21		18.1		6.9e-05
			26	5	5	0		0		25		13.3		5.8e-05
			35	4	3	1		33.3		35		32.1		5.4e-05
			39	3	3	0		0		12		7.35		4.4e-05

ROSZIEG.IN2   	25	14	10	10	0		0		15		7.81		9.7e-05
			16	9	8	1		12.5		19		10.2		7.6e-05
			18	8	8	0		0		19		8.31		8.1e-05
			21	7	6	1		16.7		22		14.8		9.1e-05
			25	6	6	0		0		25		12.9		7.9e-05
			32	5	4	1		25		35		28.4		6.7e-05

HESKIA.IN2   	28	138	9	8	1		12.5		218		87		0.000218
			205	6	5	1		20		206		141		0.000129
			216	6	5	1		20		272		168		0.000106
			256	5	4	1		25		256		190		0.000207
			324	4	4	0		0		272		252		0.000159
			342	4	3	1		33.3		344		276		0.000169

BUXEY.IN2   	29	27	15	13	2		15.4		81		24.8		0.000134
			30	13	12	1		8.33		66		27.1		0.000126
			33	12	11	1		9.09		72		29.8		0.00013
			36	10	10	0		0		36		14.4		0.000122
			41	9	8	1		12.5		45		19.5		0.000106
			47	8	7	1		14.3		52		30.3		9.4e-05
			54	7	7	0		0		54		27.2		8.2e-05

SAWYER30.IN2   	30	25	16	14	2		14.3		76		25.9		0.000183
			27	13	13	0		0		27		9.54		0.000125
			30	13	12	1		8.33		66		23.2		0.000111
			33	12	11	1		9.09		72		28.9		0.000149
			36	11	10	1		10		72		31.4		0.000121
			41	9	8	1		12.5		45		22.2		0.000151
			47	8	7	1		14.3		52		27		0.000101
			54	7	7	0		0		54		39		0.000112
			75	5	5	0		0		51		33.2		0.000121

LUTZ1.IN2   	32	1414	12	11	1		9.09		2828		1.21e+03		0.000114
			1572	11	10	1		10		3152		1.31e+03		8.7e-05
			1768	9	9	0		0		1772		712		8.7e-05
			2020	8	8	0		0		2020		862		0.00018
			2357	7	7	0		0		2359		1.34e+03		0.000111
			2828	6	6	0		0		2828		2.39e+03		0.000109

GUNTHER.IN2   	35	41	15	14	1		7.14		132		52.9		0.0002
			44	13	12	1		8.33		89		33.6		0.00015
			49	12	11	1		9.09		105		36.3		0.00012
			54	10	9	1		11.1		57		23		0.000147
			61	9	9	0		0		66		31.5		0.000118
			69	9	8	1		12.5		138		53.8		0.000144
			81	7	7	0		0		84		46.5		0.000111

KILBRID.IN2   	45	56	11	10	1		10		64		36.4		0.000259
			57	11	10	1		10		75		29.3		0.00026
			62	10	9	1		11.1		68		29.4		0.000177
			69	9	8	1		12.5		69		59.2		0.000175
			79	8	7	1		14.3		80		41.4		0.000166
			92	7	6	1		16.7		92		53.6		0.000201
			110	6	6	0		0		108		88.6		0.000194
			111	6	5	1		20		114		76.4		0.000206
			138	5	4	1		25		138		128		0.000205
			184	4	3	1		33.3		184		144		0.000171

HAHN.IN2   	53	2004	8	8	0		0		2006		1.05e+03		0.000242
			2338	8	7	1		14.3		4678		2.26e+03		0.000215
			2806	6	6	0		0		2810		1.88e+03		0.000162
			3507	5	5	0		0		3509		2.14e+03		0.00022
			4676	4	4	0		0		4678		3.67e+03		0.000156

WARNECKE.IN2   	58	54	35	31	4		12.9		342		84.2		0.000457
			56	32	29	3		10.3		244		66.5		0.000317
			58	33	29	4		13.8		366		91.3		0.000393
			60	32	27	5		18.5		372		87.3		0.0004
			62	31	27	4		14.8		374		84.9		0.000298
			65	29	25	4		16		337		79.7		0.000432
			68	27	24	3		12.5		288		78.3		0.000557
			71	27	23	4		17.4		369		93		0.000364
			74	25	22	3		13.6		302		81.4		0.00039
			78	23	21	2		9.52		246		81		0.000396
			82	24	20	4		20		420		117		0.00037
			86	21	19	2		10.5		258		100		0.000364
			92	19	17	2		11.8		200		81.7		0.000313
			97	18	17	1		5.88		198		70.4		0.000253
			104	16	15	1		6.67		116		40.3		0.000284
			111	16	14	2		14.3		228		86.6		0.000319

TONGE70.IN2   	70	160	25	23	2		8.7		490		147		0.000547
			168	24	22	2		9.09		522		138		0.000356
			176	23	21	2		9.52		538		143		0.000479
			185	22	20	2		10		560		145		0.000373
			195	20	19	1		5.26		390		127		0.000328
			207	20	18	2		11.1		630		220		0.000337
			220	18	17	1		5.88		450		206		0.000383
			234	17	16	1		6.25		468		163		0.00033
			251	16	14	2		14.3		506		251		0.000428
			270	14	14	0		0		270		117		0.000308
			293	13	13	0		0		299		124		0.000545
			320	12	11	1		9.09		330		198		0.000355
			364	11	10	1		10		494		330		0.000302
			410	9	9	0		0		180		81.1		0.000288
			468	8	8	0		0		234		117		0.000335
			527	7	7	0		0		179		105		0.000272

WEE-MAG.IN2   	75	28	65	63	2		3.17		321		50.1		0.000636
			29	64	63	1		1.59		357		52.4		0.000612
			30	64	62	2		3.23		421		59.5		0.000692
			31	63	62	1		1.61		454		62.7		0.000803
			32	61	61	0		0		453		62.1		0.0007
			33	61	61	0		0		514		70.7		0.000535
			34	61	61	0		0		575		78.4		0.000587
			35	61	60	1		1.67		636		85.7		0.000588
			36	60	60	0		0		661		90.4		0.000825
			37	60	60	0		0		721		98.2		0.000806
			38	60	60	0		0		781		106		0.000633
			39	60	60	0		0		841		114		0.000695
			40	60	60	0		0		901		121		0.00068
			41	60	59	1		1.69		961		128		0.000599
			42	58	55	3		5.45		937		130		0.000604
			43	52	50	2		4		737		116		0.000658
			45	43	38	5		13.2		436		88		0.000567
			46	40	34	6		17.6		341		78.5		0.000455
			47	36	32	4		12.5		193		54.8		0.000525
			49	34	32	2		6.25		167		43.4		0.000564
			50	33	32	1		3.12		151		39.4		0.000408
			52	33	31	2		6.45		217		47.8		0.000482
			54	32	31	1		3.23		229		54.8		0.000724
			56	31	30	1		3.33		237		50.1		0.000422

ARC83.IN2   	83	3786	23	21	2		9.52		11371		3.51e+03		0.0004
			3985	21	20	1		5		7978		2.22e+03		0.000351
			4206	20	19	1		5.26		8413		3.38e+03		0.000353
			4454	19	18	1		5.56		8919		2.5e+03		0.000337
			4732	18	17	1		5.88		9469		3.05e+03		0.000338
			5048	16	16	0		0		5061		1.76e+03		0.000338
			5408	15	15	0		0		5413		2.14e+03		0.00035
			5824	14	14	0		0		5829		2.46e+03		0.00032
			5853	14	14	0		0		6235		3.07e+03		0.000398
			6309	13	13	0		0		6310		2.94e+03		0.000399
			6842	13	12	1		8.33		13239		5.33e+03		0.000328
			6883	13	12	1		8.33		13772		5.47e+03		0.000312
			7571	11	11	0		0		7574		3.3e+03		0.00037
			8412	10	10	0		0		8413		5e+03		0.00033
			8898	9	9	0		0		4375		2.07e+03		0.000324
			10816	8	8	0		0		10821		7.42e+03		0.00032

LUTZ2.IN2   	89	11	55	49	6		12.2		120		20.2		0.000608
			12	51	44	7		15.9		127		22.6		0.000528
			13	44	40	4		10		87		19		0.000559
			14	42	37	5		13.5		103		21.1		0.000564
			15	38	34	4		11.8		85		18.7		0.000527
			16	37	31	6		19.4		107		23.7		0.000488
			17	32	29	3		10.3		59		15.7		0.000453
			18	31	28	3		10.7		73		18.4		0.000471
			19	28	26	2		7.69		47		14.2		0.000436
			20	28	25	3		12		75		19.8		0.000482
			21	25	24	1		4.17		40		12.4		0.000464

LUTZ3.IN2   	89	75	25	23	2		8.7		231		75.3		0.000481
			79	25	22	3		13.6		331		91.1		0.000413
			83	23	21	2		9.52		265		91.4		0.000416
			87	22	20	2		10		270		89.6		0.000429
			92	20	19	1		5.26		196		60.5		0.000367
			97	19	18	1		5.56		199		61.1		0.000401
			103	18	17	1		5.88		210		69.4		0.000457
			110	17	15	2		13.3		226		95		0.000387
			118	15	14	1		7.14		126		52.4		0.000374
			127	15	14	1		7.14		261		123		0.00036
			137	13	13	0		0		137		58.3		0.000442
			150	12	12	0		0		156		65		0.000364

MUKHERJE.IN2   	94	176	27	25	2		8		544		173		0.000727
			183	26	24	2		8.33		550		171		0.000751
			192	24	23	1		4.35		400		129		0.000747
			201	23	22	1		4.55		415		139		0.000788
			211	22	21	1		4.76		434		153		0.000761
			222	21	20	1		5		454		183		0.000702
			234	20	19	1		5.26		472		210		0.000617
			248	19	18	1		5.56		504		247		0.000586
			263	17	17	0		0		263		97.3		0.000594
			281	16	16	0		0		288		106		0.000601
			301	15	15	0		0		307		159		0.000671
			324	14	14	0		0		328		173		0.000548
			351	13	13	0		0		355		202		0.000533

ARC111.IN2   	111	5755	30	27	3		11.1		22251		6.13e+03		0.000864
			5785	29	27	2		7.41		17366		4.86e+03		0.000789
			6016	28	26	2		7.69		18049		4.57e+03		0.000789
			6267	27	25	2		8		18810		5.03e+03		0.000808
			6540	26	24	2		8.33		19641		6.05e+03		0.000745
			6837	25	23	2		8.7		20526		7.15e+03		0.000707
			7162	24	22	2		9.09		21489		7.72e+03		0.000716
			7520	22	21	1		4.76		15041		5.91e+03		0.000747
			7916	22	20	2		10		23753		7.92e+03		0.000715
			8356	20	19	1		5.26		16721		6.48e+03		0.000759
			8847	19	18	1		5.56		17694		5.65e+03		0.000677
			9400	19	17	2		11.8		28201		9.43e+03		0.00068
			10027	16	16	0		0		10033		3.47e+03		0.000656
			10743	16	15	1		6.67		21489		9e+03		0.000713
			11378	14	14	0		0		8893		3.47e+03		0.000661
			11570	14	13	1		7.69		11581		4.71e+03		0.000677
			17067	9	9	0		0		3204		1.4e+03		0.000675

BARTHOL2.IN2   	148	84	56	51	5		9.8		470		88.9		0.00158
			85	55	50	5		10		441		93.2		0.00144
			87	54	49	5		10.2		464		100		0.00131
			89	51	48	3		6.25		305		55.1		0.0014
			91	52	47	5		10.6		498		99.8		0.00159
			93	50	46	4		8.7		416		97.3		0.00133
			95	50	45	5		11.1		516		108		0.00132
			97	48	44	4		9.09		422		97.4		0.00138
			99	47	43	4		9.3		419		74.7		0.00126
			101	46	42	4		9.52		412		88.1		0.00128
			104	44	41	3		7.32		342		82.9		0.00134
			106	44	40	4		10		430		100		0.00132
			109	43	39	4		10.3		453		107		0.00124
			112	41	38	3		7.89		358		89.6		0.00133
			115	41	37	4		10.8		481		118		0.00126
			118	38	36	2		5.56		250		63.3		0.00135
			121	38	35	3		8.57		364		93.4		0.00128
			125	36	34	2		5.88		266		67.6		0.00191
			129	37	33	4		12.1		539		160		0.00129
			133	34	32	2		6.25		288		65.3		0.00147
			137	34	31	3		9.68		424		138		0.00145
			142	32	30	2		6.67		310		88.3		0.00183
			146	31	29	2		6.9		292		95.4		0.0014
			152	30	28	2		7.14		326		100		0.00152
			157	29	27	2		7.41		319		107		0.0014
			163	28	26	2		7.69		330		143		0.00131
			170	26	25	1		4		186		51.2		0.00106

BARTHOLD.IN2   	148	403	15	14	1		7.14		411		331		0.00149
			434	14	13	1		7.69		442		344		0.00115
			470	13	12	1		8.33		476		351		0.000943
			513	12	11	1		9.09		522		441		0.001
			564	11	10	1		10		570		509		0.00118
			626	10	9	1		11.1		626		557		0.00113
			705	9	8	1		12.5		711		671		0.00101
			805	8	7	1		14.3		806		732		0.00111

SCHOLL.IN2   	297	1394	53	50	3		6		4227		1.17e+03		0.00407
			1422	53	50	3		6		5711		1.48e+03		0.00397
			1452	52	48	4		8.33		5849		1.57e+03		0.00452
			1483	50	47	3		6.38		4495		1.29e+03		0.00378
			1515	50	46	4		8.7		6095		1.55e+03		0.00466
			1548	48	46	2		4.35		4649		1.25e+03		0.00384
			1584	48	44	4		9.09		6377		1.77e+03		0.00368
			1620	46	44	2		4.55		4865		1.27e+03		0.00334
			1659	45	42	3		7.14		5000		1.33e+03		0.00384
			1699	44	42	2		4.76		5101		1.34e+03		0.00389
			1742	42	40	2		5		3509		763		0.00358
			1787	41	39	2		5.13		3612		926		0.0036
			1834	41	38	3		7.89		5539		1.62e+03		0.00362
			1883	40	37	3		8.11		5665		1.5e+03		0.00358
			1935	39	36	3		8.33		5810		1.92e+03		0.00351
			1991	38	35	3		8.57		6003		2.09e+03		0.0035
			2049	37	34	3		8.82		6158		1.91e+03		0.00348
			2111	35	33	2		6.06		4230		1.43e+03		0.0034
			2177	34	32	2		6.25		4363		1.4e+03		0.00336
			2247	32	31	1		3.23		2249		672		0.00345
			2322	31	30	1		3.33		2327		725		0.00331
			2402	30	29	1		3.45		2405		780		0.00355
			2488	29	28	1		3.57		2497		660		0.00345
			2580	28	27	1		3.7		2585		936		0.0035
			2680	27	26	1		3.85		2705		1.38e+03		0.00327
			2787	26	25	1		4		2807		1.1e+03		0.00327

