----------------------------------------------------------------------------------------------------------------------------
Problem		n	c	m	m*	abs.dev 	%dev 		BD 		SX		CPU time(sec)
----------------------------------------------------------------------------------------------------------------------------
MERTENS.IN2   	7	6	6	6	0		0		7		3.32		8.3e-05
			7	6	5	1		20		13		5.57		3e-05
			8	6	5	1		20		19		7.94		3.1e-05
			10	4	3	1		33.3		11		6.56		2.7e-05
			15	2	2	0		0		1		1		3.2e-05
			18	2	2	0		0		7		7		2.3e-05

BOWMAN8.IN2   	8	20	5	5	0		0		25		12.4		5.7e-05

JAESCHKE.IN2   	9	6	8	8	0		0		11		4.8		4e-05
			7	7	7	0		0		12		5.29		8.5e-05
			8	6	6	0		0		11		5.74		5.9e-05
			10	4	4	0		0		3		2.24		3.1e-05
			18	3	3	0		0		17		13		2.9e-05

JACKSON.IN2   	11	7	8	8	0		0		10		4.69		4.4e-05
			9	6	6	0		0		8		4.24		4.6e-05
			10	6	5	1		20		14		7.21		4.2e-05
			13	4	4	0		0		6		4.24		3.7e-05
			14	4	4	0		0		10		6.16		3.7e-05
			21	3	3	0		0		17		17		6.7e-05

MANSOOR.IN2   	11	48	5	4	1		25		55		32.3		4e-05
			62	4	3	1		33.3		63		37.9		7e-05
			94	3	2	1		50		97		67.4		4.4e-05

MITCHELL.IN2   	21	14	10	8	2		25		35		15.7		7.5e-05
			15	10	8	2		25		45		18.1		6.6e-05
			21	6	5	1		20		21		12.5		5.7e-05
			26	5	5	0		0		25		13.1		5.6e-05
			35	4	3	1		33.3		35		21.2		5.1e-05
			39	3	3	0		0		12		8.49		5.9e-05

ROSZIEG.IN2   	25	14	10	10	0		0		15		8.06		0.000208
			16	9	8	1		12.5		19		9.11		0.0001
			18	8	8	0		0		19		8.19		7.1e-05
			21	7	6	1		16.7		22		14.2		0.000104
			25	6	6	0		0		25		17.6		6.5e-05
			32	5	4	1		25		35		24.9		5.7e-05

HESKIA.IN2   	28	138	9	8	1		12.5		218		90.5		0.000126
			205	6	5	1		20		206		140		0.000106
			216	6	5	1		20		272		160		0.000134
			256	5	4	1		25		256		149		7.3e-05
			324	4	4	0		0		272		207		7.2e-05
			342	4	3	1		33.3		344		275		8.2e-05

BUXEY.IN2   	29	27	15	13	2		15.4		81		24.6		0.000161
			30	13	12	1		8.33		66		23.2		0.000176
			33	12	11	1		9.09		72		28.9		0.000148
			36	11	10	1		10		72		28.9		0.000146
			41	9	8	1		12.5		45		20.2		8.5e-05
			47	8	7	1		14.3		52		32.2		9.7e-05
			54	7	7	0		0		54		25.3		8.1e-05

SAWYER30.IN2   	30	25	16	14	2		14.3		76		26.3		0.000125
			27	14	13	1		7.69		54		19.9		0.000104
			30	13	12	1		8.33		66		21.5		8.6e-05
			33	12	11	1		9.09		72		27.8		0.000117
			36	10	10	0		0		36		15.7		7.9e-05
			41	10	8	2		25		86		35.8		7.7e-05
			47	8	7	1		14.3		52		32.5		8.7e-05
			54	7	7	0		0		54		33.2		8.3e-05
			75	5	5	0		0		51		25.8		7.5e-05

LUTZ1.IN2   	32	1414	12	11	1		9.09		2828		1.33e+03		0.000105
			1572	11	10	1		10		3152		1.34e+03		0.000183
			1768	9	9	0		0		1772		681		8.3e-05
			2020	8	8	0		0		2020		942		8.7e-05
			2357	7	7	0		0		2359		1.34e+03		8.2e-05
			2828	6	6	0		0		2828		2.17e+03		7.8e-05

GUNTHER.IN2   	35	41	17	14	3		21.4		214		72.1		0.000191
			44	14	12	2		16.7		133		46.8		0.000152
			49	12	11	1		9.09		105		41.7		0.000129
			54	10	9	1		11.1		57		22.2		0.000121
			61	9	9	0		0		66		30.7		0.000114
			69	8	8	0		0		69		39.6		0.000107
			81	7	7	0		0		84		44.1		0.000148

KILBRID.IN2   	45	56	11	10	1		10		64		25.5		0.000166
			57	11	10	1		10		75		29.3		0.000188
			62	10	9	1		11.1		68		29.9		0.00022
			69	9	8	1		12.5		69		59.3		0.000295
			79	8	7	1		14.3		80		58.2		0.000219
			92	7	6	1		16.7		92		52.2		0.000269
			110	6	6	0		0		108		71.6		0.000151
			111	6	5	1		20		114		73.1		0.000274
			138	5	4	1		25		138		128		0.000181
			184	4	3	1		33.3		184		174		0.000194

HAHN.IN2   	53	2004	9	8	1		12.5		4010		1.76e+03		0.000453
			2338	8	7	1		14.3		4678		2.25e+03		0.000294
			2806	6	6	0		0		2810		1.95e+03		0.000295
			3507	5	5	0		0		3509		2.17e+03		0.000219
			4676	4	4	0		0		4678		3.67e+03		0.000173

WARNECKE.IN2   	58	54	37	31	6		19.4		450		104		0.000701
			56	36	29	7		24.1		468		105		0.000491
			58	33	29	4		13.8		366		93.4		0.000351
			60	33	27	6		22.2		432		105		0.000371
			62	32	27	5		18.5		436		104		0.000399
			65	30	25	5		20		402		99.3		0.000316
			68	27	24	3		12.5		288		78.7		0.000378
			71	27	23	4		17.4		369		93.6		0.000428
			74	26	22	4		18.2		376		91.1		0.000394
			78	24	21	3		14.3		324		91.4		0.000341
			82	23	20	3		15		338		106		0.000271
			86	21	19	2		10.5		258		91.3		0.000316
			92	20	17	3		17.6		292		98.4		0.000332
			97	18	17	1		5.88		198		64.8		0.00024
			104	17	15	2		13.3		220		82.9		0.000321
			111	16	14	2		14.3		228		81.6		0.000304

TONGE70.IN2   	70	160	25	23	2		8.7		490		139		0.000364
			168	25	22	3		13.6		690		184		0.000425
			176	25	21	4		19		890		240		0.000381
			185	23	20	3		15		745		204		0.000357
			195	23	19	4		21.1		975		272		0.000338
			207	21	18	3		16.7		837		283		0.000402
			220	19	17	2		11.8		670		248		0.000342
			234	18	16	2		12.5		702		274		0.00035
			251	16	14	2		14.3		506		213		0.000296
			270	14	14	0		0		270		107		0.000305
			293	14	13	1		7.69		592		240		0.000465
			320	13	11	2		18.2		650		297		0.000288
			364	11	10	1		10		494		241		0.000286
			410	9	9	0		0		180		68.4		0.000573
			468	8	8	0		0		234		129		0.000579
			527	7	7	0		0		179		102		0.000335

WEE-MAG.IN2   	75	28	65	63	2		3.17		321		49.3		0.000666
			29	64	63	1		1.59		357		52.6		0.000516
			30	64	62	2		3.23		421		59.6		0.000608
			31	64	62	2		3.23		485		67.9		0.000538
			32	62	61	1		1.64		485		67.1		0.000526
			33	62	61	1		1.64		547		74.4		0.000484
			34	61	61	0		0		575		78.3		0.000509
			35	61	60	1		1.67		636		85.8		0.000529
			36	60	60	0		0		661		90.2		0.000509
			37	60	60	0		0		721		97.9		0.000443
			38	60	60	0		0		781		106		0.000463
			39	60	60	0		0		841		114		0.000453
			40	60	60	0		0		901		121		0.00045
			41	60	59	1		1.69		961		129		0.000465
			42	58	55	3		5.45		937		130		0.000645
			43	55	50	5		10		866		127		0.000728
			45	44	38	6		15.8		481		92.8		0.000431
			46	44	34	10		29.4		525		99.7		0.000443
			47	41	32	9		28.1		428		89.2		0.000366
			49	36	32	4		12.5		265		62.7		0.000364
			50	35	32	3		9.38		251		60.4		0.000373
			52	33	31	2		6.45		217		49.2		0.000349
			54	33	31	2		6.45		283		59.4		0.000408
			56	32	30	2		6.67		293		61.2		0.000376

ARC83.IN2   	83	3786	24	21	3		14.3		15157		4.55e+03		0.000537
			3985	23	20	3		15		15948		4.41e+03		0.000361
			4206	21	19	2		10.5		12619		4e+03		0.000358
			4454	19	18	1		5.56		8919		2.43e+03		0.000371
			4732	18	17	1		5.88		9469		2.96e+03		0.000429
			5048	17	16	1		6.25		10109		2.93e+03		0.000351
			5408	15	15	0		0		5413		1.77e+03		0.000402
			5824	14	14	0		0		5829		1.97e+03		0.000314
			5853	14	14	0		0		6235		2.06e+03		0.000322
			6309	14	13	1		7.69		12619		4.58e+03		0.000342
			6842	13	12	1		8.33		13239		5.3e+03		0.000361
			6883	13	12	1		8.33		13772		5.48e+03		0.000328
			7571	11	11	0		0		7574		4.12e+03		0.000317
			8412	10	10	0		0		8413		4.99e+03		0.000311
			8898	9	9	0		0		4375		1.68e+03		0.00032
			10816	8	8	0		0		10821		7.4e+03		0.000337

LUTZ2.IN2   	89	11	55	49	6		12.2		120		20.5		0.000585
			12	50	44	6		13.6		115		20.4		0.000533
			13	46	40	6		15		113		21.3		0.000643
			14	45	37	8		21.6		145		26.5		0.000508
			15	40	34	6		17.6		115		23.6		0.000461
			16	39	31	8		25.8		139		28.4		0.000457
			17	34	29	5		17.2		93		21		0.000446
			18	32	28	4		14.3		91		22.6		0.000492
			19	29	26	3		11.5		66		17.9		0.0004
			20	27	25	2		8		55		14.6		0.00053
			21	26	24	2		8.33		61		18.3		0.000396

LUTZ3.IN2   	89	75	25	23	2		8.7		231		72.6		0.000455
			79	24	22	2		9.09		252		77.6		0.00042
			83	23	21	2		9.52		265		75.8		0.000397
			87	22	20	2		10		270		75.2		0.000439
			92	21	19	2		10.5		288		87.9		0.000379
			97	19	18	1		5.56		199		63.7		0.000443
			103	18	17	1		5.88		210		71.8		0.000384
			110	17	15	2		13.3		226		77.7		0.000496
			118	16	14	2		14.3		244		112		0.000357
			127	15	14	1		7.14		261		124		0.000378
			137	13	13	0		0		137		57.8		0.00043
			150	12	12	0		0		156		94.6		0.000346

MUKHERJE.IN2   	94	176	28	25	3		12		720		216		0.000784
			183	26	24	2		8.33		550		172		0.000631
			192	24	23	1		4.35		400		115		0.000866
			201	24	22	2		9.09		616		197		0.000674
			211	23	21	2		9.52		645		177		0.000743
			222	22	20	2		10		676		221		0.000663
			234	22	19	3		15.8		940		279		0.000704
			248	19	18	1		5.56		504		206		0.000569
			263	17	17	0		0		263		90.5		0.000553
			281	17	16	1		6.25		569		209		0.000641
			301	16	15	1		6.67		608		228		0.000548
			324	15	14	1		7.14		652		280		0.000525
			351	13	13	0		0		355		167		0.00056

ARC111.IN2   	111	5755	31	27	4		14.8		28006		7.17e+03		0.000704
			5785	30	27	3		11.1		23151		6.22e+03		0.000729
			6016	30	26	4		15.4		30081		7.37e+03		0.000697
			6267	28	25	3		12		25077		6.83e+03		0.000809
			6540	27	24	3		12.5		26181		7.34e+03		0.00067
			6837	27	23	4		17.4		34200		9.3e+03		0.000674
			7162	25	22	3		13.6		28651		8.56e+03		0.000651
			7520	24	21	3		14.3		30081		8.66e+03		0.00074
			7916	22	20	2		10		23753		7.63e+03		0.000621
			8356	21	19	2		10.5		25077		7.4e+03		0.000715
			8847	20	18	2		11.1		26541		8.53e+03		0.000704
			9400	19	17	2		11.8		28201		9.61e+03		0.000707
			10027	17	16	1		6.25		20060		6.9e+03		0.000665
			10743	16	15	1		6.67		21489		8.52e+03		0.000684
			11378	15	14	1		7.14		20271		8.23e+03		0.00065
			11570	15	13	2		15.4		23151		9.06e+03		0.000741
			17067	10	9	1		11.1		20271		1.05e+04		0.000587

BARTHOL2.IN2   	148	84	56	51	5		9.8		470		99.8		0.00139
			85	56	50	6		12		526		109		0.00152
			87	54	49	5		10.2		464		103		0.00132
			89	52	48	4		8.33		394		82.4		0.00123
			91	52	47	5		10.6		498		103		0.00129
			93	51	46	5		10.9		509		102		0.00137
			95	50	45	5		11.1		516		106		0.00123
			97	50	44	6		13.6		616		125		0.00126
			99	49	43	6		14		617		122		0.00137
			101	48	42	6		14.3		614		124		0.00129
			104	45	41	4		9.76		446		92		0.00121
			106	44	40	4		10		430		88.6		0.00128
			109	44	39	5		12.8		562		116		0.00124
			112	43	38	5		13.2		582		120		0.00123
			115	42	37	5		13.5		596		137		0.00167
			118	41	36	5		13.9		604		147		0.00174
			121	40	35	5		14.3		606		142		0.00132
			125	38	34	4		11.8		516		118		0.00151
			129	36	33	3		9.09		410		117		0.0015
			133	35	32	3		9.38		421		124		0.0015
			137	34	31	3		9.68		424		98.1		0.00109
			142	32	30	2		6.67		310		86		0.00111
			146	32	29	3		10.3		438		121		0.00108
			152	30	28	2		7.14		326		104		0.00105
			157	30	27	3		11.1		476		150		0.00111
			163	28	26	2		7.69		330		130		0.00108
			170	27	25	2		8		356		132		0.00149

BARTHOLD.IN2   	148	403	15	14	1		7.14		411		206		0.00168
			434	14	13	1		7.69		442		248		0.00116
			470	13	12	1		8.33		476		366		0.00117
			513	12	11	1		9.09		522		410		0.00109
			564	11	10	1		10		570		464		0.00125
			626	10	9	1		11.1		626		415		0.00104
			705	9	8	1		12.5		711		633		0.000957
			805	8	7	1		14.3		806		732		0.00107

SCHOLL.IN2   	297	1394	54	50	4		8		5621		1.36e+03		0.00385
			1422	54	50	4		8		7133		1.62e+03		0.0034
			1452	53	48	5		10.4		7301		1.69e+03		0.00352
			1483	52	47	5		10.6		7461		1.74e+03		0.00378
			1515	51	46	5		10.9		7610		1.79e+03		0.00374
			1548	50	46	4		8.7		7745		1.87e+03		0.00328
			1584	49	44	5		11.4		7961		2.01e+03		0.00364
			1620	47	44	3		6.82		6485		1.57e+03		0.00351
			1659	46	42	4		9.52		6659		1.53e+03		0.00354
			1699	44	42	2		4.76		5101		1.28e+03		0.00339
			1742	44	40	4		10		6993		1.65e+03		0.00337
			1787	43	39	4		10.3		7186		1.73e+03		0.00313
			1834	42	38	4		10.5		7373		1.81e+03		0.00347
			1883	41	37	4		10.8		7548		2.1e+03		0.00344
			1935	40	36	4		11.1		7745		2.23e+03		0.00343
			1991	39	35	4		11.4		7994		2.32e+03		0.00343
			2049	37	34	3		8.82		6158		1.94e+03		0.00336
			2111	35	33	2		6.06		4230		1.43e+03		0.00372
			2177	34	32	2		6.25		4363		1.27e+03		0.00378
			2247	33	31	2		6.45		4496		1.42e+03		0.0033
			2322	32	30	2		6.67		4649		1.46e+03		0.00324
			2402	31	29	2		6.9		4807		1.72e+03		0.00328
			2488	29	28	1		3.57		2497		651		0.00324
			2580	28	27	1		3.7		2585		898		0.00344
			2680	28	26	2		7.69		5385		1.81e+03		0.00322
			2787	27	25	2		8		5594		1.99e+03		0.00322

