----------------------------------------------------------------------------------------------------------------------------
Problem		n	c	m	m*	abs.dev 	%dev 		BD 		SX		CPU time(sec)
----------------------------------------------------------------------------------------------------------------------------
MERTENS.IN2   	7	6	6	6	0		0		7		3.87		5.3e-05
			7	5	5	0		0		6		3.16		2.4e-05
			8	5	5	0		0		11		5.74		2.5e-05
			10	4	3	1		33.3		11		6.71		3.3e-05
			15	2	2	0		0		1		1		1.8e-05
			18	2	2	0		0		7		6.08		2.5e-05

BOWMAN8.IN2   	8	20	5	5	0		0		25		12.2		4.7e-05

JAESCHKE.IN2   	9	6	8	8	0		0		11		4.8		3.7e-05
			7	7	7	0		0		12		5.29		3.6e-05
			8	6	6	0		0		11		5.74		3.5e-05
			10	4	4	0		0		3		1.73		3e-05
			18	3	3	0		0		17		13		2.9e-05

JACKSON.IN2   	11	7	8	8	0		0		10		4.69		4.3e-05
			9	6	6	0		0		8		5.1		3.7e-05
			10	6	5	1		20		14		7.62		3.4e-05
			13	4	4	0		0		6		4.47		2.9e-05
			14	4	4	0		0		10		6.48		2.7e-05
			21	3	3	0		0		17		17		4.1e-05

MANSOOR.IN2   	11	48	4	4	0		0		7		5		3.1e-05
			62	4	3	1		33.3		63		36.8		3.5e-05
			94	2	2	0		0		3		2.24		3.1e-05

MITCHELL.IN2   	21	14	9	8	1		12.5		21		12.1		0.000119
			15	9	8	1		12.5		30		17.3		9.5e-05
			21	5	5	0		0		0		0		7.9e-05
			26	5	5	0		0		25		13.9		7.3e-05
			35	3	3	0		0		0		0		5.8e-05
			39	3	3	0		0		12		8.94		5.5e-05

ROSZIEG.IN2   	25	14	10	10	0		0		15		7.81		0.000111
			16	9	8	1		12.5		19		10.2		9.9e-05
			18	8	8	0		0		19		14.3		8.4e-05
			21	7	6	1		16.7		22		17.4		7.6e-05
			25	6	6	0		0		25		18.6		6.9e-05
			32	5	4	1		25		35		28.4		6.5e-05

HESKIA.IN2   	28	138	8	8	0		0		80		41.6		0.000161
			205	6	5	1		20		206		141		0.000132
			216	6	5	1		20		272		170		0.000158
			256	5	4	1		25		256		195		0.000116
			324	4	4	0		0		272		253		0.000117
			342	4	3	1		33.3		344		278		0.000133

BUXEY.IN2   	29	27	14	13	1		7.69		54		20.8		0.000132
			30	12	12	0		0		36		15.3		0.000106
			33	12	11	1		9.09		72		34		0.000122
			36	10	10	0		0		36		22.2		0.000112
			41	9	8	1		12.5		45		19.5		9.9e-05
			47	8	7	1		14.3		52		32.4		9.4e-05
			54	7	7	0		0		54		36.6		8.8e-05

SAWYER30.IN2   	30	25	14	14	0		0		26		11.4		0.000174
			27	14	13	1		7.69		54		20.6		0.00015
			30	12	12	0		0		36		13.8		0.000126
			33	11	11	0		0		39		19.4		0.000123
			36	10	10	0		0		36		16.5		0.000112
			41	9	8	1		12.5		45		26.7		0.000188
			47	8	7	1		14.3		52		45.2		0.000103
			54	7	7	0		0		54		47.2		0.00016
			75	5	5	0		0		51		34.3		0.000102

LUTZ1.IN2   	32	1414	12	11	1		9.09		2828		1.38e+03		0.000121
			1572	11	10	1		10		3152		1.3e+03		9.6e-05
			1768	9	9	0		0		1772		805		0.000126
			2020	8	8	0		0		2020		1.04e+03		0.000106
			2357	7	7	0		0		2359		1.34e+03		8.4e-05
			2828	6	6	0		0		2828		2.39e+03		9.8e-05

GUNTHER.IN2   	35	41	15	14	1		7.14		132		51.9		0.000215
			44	12	12	0		0		45		21.4		0.000226
			49	11	11	0		0		56		21.6		0.000167
			54	10	9	1		11.1		57		22.2		0.000121
			61	9	9	0		0		66		30.1		0.000114
			69	8	8	0		0		69		38.2		0.000133
			81	7	7	0		0		84		44.4		0.000115

KILBRID.IN2   	45	56	11	10	1		10		64		37.4		0.000205
			57	10	10	0		0		18		10.7		0.00019
			62	10	9	1		11.1		68		57.2		0.00021
			69	9	8	1		12.5		69		64.1		0.000189
			79	8	7	1		14.3		80		69.2		0.000166
			92	7	6	1		16.7		92		82.2		0.000177
			110	6	6	0		0		108		73.7		0.000196
			111	6	5	1		20		114		76.4		0.000193
			138	5	4	1		25		138		128		0.000203
			184	4	3	1		33.3		184		179		0.000159

HAHN.IN2   	53	2004	9	8	1		12.5		4010		2.15e+03		0.000206
			2338	8	7	1		14.3		4678		2.28e+03		0.000177
			2806	6	6	0		0		2810		2.02e+03		0.000184
			3507	5	5	0		0		3509		2.14e+03		0.000159
			4676	4	4	0		0		4678		3.67e+03		0.000181

WARNECKE.IN2   	58	54	35	31	4		12.9		342		85.2		0.000387
			56	33	29	4		13.8		300		78.1		0.000325
			58	31	29	2		6.9		250		70.1		0.000333
			60	29	27	2		7.41		192		44.6		0.000326
			62	29	27	2		7.41		250		54.5		0.000314
			65	28	25	3		12		272		65.8		0.000301
			68	27	24	3		12.5		288		83.5		0.000314
			71	26	23	3		13		298		87.5		0.000305
			74	24	22	2		9.09		228		67.5		0.000301
			78	22	21	1		4.76		168		67		0.00029
			82	21	20	1		5		174		69.4		0.000299
			86	20	19	1		5.26		172		76.6		0.000275
			92	19	17	2		11.8		200		90.6		0.000271
			97	18	17	1		5.88		198		92.2		0.000299
			104	16	15	1		6.67		116		56.7		0.000276
			111	15	14	1		7.14		117		50.9		0.000301

TONGE70.IN2   	70	160	24	23	1		4.35		330		131		0.000578
			168	23	22	1		4.55		354		106		0.000445
			176	23	21	2		9.52		538		191		0.000528
			185	21	20	1		5		375		150		0.000386
			195	21	19	2		10.5		585		210		0.000393
			207	18	18	0		0		216		93.9		0.000375
			220	18	17	1		5.88		450		225		0.000389
			234	16	16	0		0		234		97.3		0.000471
			251	15	14	1		7.14		255		111		0.00041
			270	14	14	0		0		270		132		0.000412
			293	13	13	0		0		299		246		0.000353
			320	12	11	1		9.09		330		170		0.000363
			364	10	10	0		0		130		64.8		0.000359
			410	9	9	0		0		180		107		0.000364
			468	8	8	0		0		234		183		0.000315
			527	7	7	0		0		179		137		0.000291

WEE-MAG.IN2   	75	28	63	63	0		0		265		40.4		0.000656
			29	63	63	0		0		328		47.4		0.000663
			30	63	62	1		1.61		391		54.6		0.000565
			31	62	62	0		0		423		59		0.000643
			32	61	61	0		0		453		62.3		0.00105
			33	61	61	0		0		514		71.1		0.000581
			34	61	61	0		0		575		78.7		0.000576
			35	60	60	0		0		601		83.3		0.000569
			36	60	60	0		0		661		90.6		0.000545
			37	60	60	0		0		721		98.3		0.000631
			38	60	60	0		0		781		106		0.000544
			39	60	60	0		0		841		113		0.000536
			40	60	60	0		0		901		121		0.000533
			41	59	59	0		0		920		125		0.000599
			42	55	55	0		0		811		120		0.000632
			43	50	50	0		0		651		108		0.000543
			45	40	38	2		5.26		301		70.2		0.000595
			46	36	34	2		5.88		157		47.8		0.000522
			47	35	32	3		9.38		146		51.8		0.000526
			49	32	32	0		0		69		16.5		0.000449
			50	32	32	0		0		101		29.6		0.000426
			52	32	31	1		3.23		165		51.9		0.000445
			54	31	31	0		0		175		41.6		0.000436
			56	31	30	1		3.33		237		53.4		0.000542

ARC83.IN2   	83	3786	22	21	1		4.76		7585		2.5e+03		0.00042
			3985	21	20	1		5		7978		2.68e+03		0.000399
			4206	20	19	1		5.26		8413		3.35e+03		0.000478
			4454	18	18	0		0		4465		1.35e+03		0.000391
			4732	17	17	0		0		4737		1.56e+03		0.00058
			5048	17	16	1		6.25		10109		4.01e+03		0.000372
			5408	16	15	1		6.67		10821		4.57e+03		0.000418
			5824	14	14	0		0		5829		3e+03		0.000376
			5853	14	14	0		0		6235		3.06e+03		0.000404
			6309	13	13	0		0		6310		2.96e+03		0.000387
			6842	12	12	0		0		6397		3.36e+03		0.000419
			6883	12	12	0		0		6889		3.48e+03		0.000362
			7571	11	11	0		0		7574		4.54e+03		0.000344
			8412	10	10	0		0		8413		4.98e+03		0.000337
			8898	9	9	0		0		4375		2.16e+03		0.000434
			10816	8	8	0		0		10821		7.43e+03		0.000331

LUTZ2.IN2   	89	11	51	49	2		4.08		76		15.2		0.000559
			12	48	44	4		9.09		91		18.6		0.000603
			13	44	40	4		10		87		18		0.000517
			14	40	37	3		8.11		75		16.8		0.000568
			15	36	34	2		5.88		55		15.5		0.00056
			16	34	31	3		9.68		59		14.1		0.00065
			17	31	29	2		6.9		42		11.7		0.00048
			18	30	28	2		7.14		55		17.1		0.000448
			19	28	26	2		7.69		47		14.9		0.000472
			20	26	25	1		4		35		10.3		0.000432
			21	26	24	2		8.33		61		17.8		0.000428

LUTZ3.IN2   	89	75	24	23	1		4.35		156		65.5		0.000498
			79	23	22	1		4.55		173		61.6		0.000525
			83	22	21	1		4.76		182		74.8		0.000461
			87	21	20	1		5		183		54.3		0.000446
			92	19	19	0		0		104		48.6		0.000431
			97	18	18	0		0		102		36.8		0.000439
			103	17	17	0		0		107		49.8		0.000506
			110	16	15	1		6.67		116		42.4		0.000472
			118	15	14	1		7.14		126		88.9		0.000453
			127	14	14	0		0		134		72		0.0005
			137	13	13	0		0		137		82.1		0.000403
			150	12	12	0		0		156		121		0.000514

MUKHERJE.IN2   	94	176	25	25	0		0		192		69.8		0.000852
			183	24	24	0		0		184		57		0.000809
			192	24	23	1		4.35		400		149		0.000744
			201	23	22	1		4.55		415		163		0.000727
			211	21	21	0		0		223		116		0.000794
			222	21	20	1		5		454		226		0.000752
			234	20	19	1		5.26		472		212		0.000679
			248	18	18	0		0		256		105		0.000709
			263	17	17	0		0		263		130		0.000642
			281	16	16	0		0		288		148		0.000755
			301	15	15	0		0		307		161		0.00071
			324	14	14	0		0		328		226		0.000684
			351	13	13	0		0		355		203		0.000549

ARC111.IN2   	111	5755	28	27	1		3.7		10741		3.15e+03		0.000975
			5785	28	27	1		3.7		11581		4.18e+03		0.000922
			6016	28	26	2		7.69		18049		5.61e+03		0.000951
			6267	26	25	1		4		12543		4.29e+03		0.00114
			6540	25	24	1		4.17		13101		4.69e+03		0.00103
			6837	24	23	1		4.35		13689		4.87e+03		0.000929
			7162	23	22	1		4.55		14327		6.07e+03		0.000926
			7520	22	21	1		4.76		15041		7.1e+03		0.000873
			7916	21	20	1		5		15837		8.16e+03		0.001
			8356	19	19	0		0		8365		2.44e+03		0.000904
			8847	18	18	0		0		8847		2.86e+03		0.000844
			9400	17	17	0		0		9401		3.9e+03		0.0009
			10027	16	16	0		0		10033		4.38e+03		0.000927
			10743	15	15	0		0		10746		6.13e+03		0.000823
			11378	14	14	0		0		8893		5.7e+03		0.001
			11570	14	13	1		7.69		11581		7.63e+03		0.000779
			17067	9	9	0		0		3204		1.59e+03		0.000776

BARTHOL2.IN2   	148	84	54	51	3		5.88		302		79.1		0.00184
			85	52	50	2		4		186		34.1		0.00163
			87	51	49	2		4.08		203		38.8		0.00177
			89	50	48	2		4.17		216		50.7		0.00173
			91	49	47	2		4.26		225		65.6		0.00137
			93	48	46	2		4.35		230		47.1		0.00185
			95	47	45	2		4.44		231		47.9		0.00155
			97	46	44	2		4.55		228		58.1		0.0016
			99	46	43	3		6.98		320		93.5		0.00175
			101	44	42	2		4.76		210		43		0.00163
			104	44	41	3		7.32		342		94.2		0.00152
			106	43	40	3		7.5		324		104		0.00147
			109	41	39	2		5.13		235		77		0.00147
			112	40	38	2		5.26		246		86.5		0.00145
			115	39	37	2		5.41		251		70.5		0.00167
			118	38	36	2		5.56		250		71		0.00148
			121	37	35	2		5.71		243		88.1		0.0017
			125	36	34	2		5.88		266		121		0.00153
			129	35	33	2		6.06		281		126		0.00186
			133	33	32	1		3.12		155		41.9		0.00167
			137	32	31	1		3.23		150		43.6		0.00134
			142	31	30	1		3.33		168		69.1		0.00146
			146	30	29	1		3.45		146		54.2		0.00166
			152	29	28	1		3.57		174		61.1		0.00139
			157	28	27	1		3.7		162		59.3		0.00142
			163	27	26	1		3.85		167		61		0.00145
			170	26	25	1		4		186		131		0.00146

BARTHOLD.IN2   	148	403	15	14	1		7.14		411		338		0.0014
			434	14	13	1		7.69		442		400		0.00147
			470	13	12	1		8.33		476		436		0.00119
			513	12	11	1		9.09		522		480		0.00133
			564	11	10	1		10		570		530		0.00119
			626	10	9	1		11.1		626		586		0.00129
			705	9	8	1		12.5		711		671		0.00122
			805	8	7	1		14.3		806		771		0.00111

SCHOLL.IN2   	297	1394	52	50	2		4		2833		1.02e+03		0.00599
			1422	52	50	2		4		4289		1.41e+03		0.00433
			1452	51	48	3		6.25		4397		1.36e+03		0.00437
			1483	50	47	3		6.38		4495		1.34e+03		0.00403
			1515	49	46	3		6.52		4580		1.53e+03		0.00417
			1548	47	46	1		2.17		3101		948		0.0044
			1584	46	44	2		4.55		3209		1.01e+03		0.0038
			1620	45	44	1		2.27		3245		1.09e+03		0.00392
			1659	44	42	2		4.76		3341		1.08e+03		0.00387
			1699	43	42	1		2.38		3402		1.51e+03		0.00388
			1742	42	40	2		5		3509		1.11e+03		0.00378
			1787	41	39	2		5.13		3612		1.19e+03		0.00389
			1834	40	38	2		5.26		3705		1.11e+03		0.00391
			1883	39	37	2		5.41		3782		1.28e+03		0.00366
			1935	38	36	2		5.56		3875		1.28e+03		0.00375
			1991	38	35	3		8.57		6003		1.94e+03		0.00368
			2049	35	34	1		2.94		2060		737		0.00364
			2111	34	33	1		3.03		2119		908		0.00375
			2177	33	32	1		3.12		2186		736		0.00352
			2247	32	31	1		3.23		2249		972		0.00374
			2322	31	30	1		3.33		2327		851		0.0036
			2402	30	29	1		3.45		2405		1.08e+03		0.00348
			2488	29	28	1		3.57		2497		1.21e+03		0.00332
			2580	28	27	1		3.7		2585		998		0.00361
			2680	27	26	1		3.85		2705		1.51e+03		0.0036
			2787	26	25	1		4		2807		1.46e+03		0.00431

