----------------------------------------------------------------------------------------------------------------------------
Problem		n	c	m	m*	abs.dev 	%dev 		BD 		SX		CPU time(sec)
----------------------------------------------------------------------------------------------------------------------------
MERTENS.IN2   	7	6	6	6	0		0		7		3.87		0.00698
			7	5	5	0		0		6		3.16		0.00669
			8	5	5	0		0		11		5.74		0.00627
			10	3	3	0		0		1		1		0.00512
			15	2	2	0		0		1		1		0.00578
			18	2	2	0		0		7		7		0.0048

BOWMAN8.IN2   	8	20	5	5	0		0		25		13.2		0.00793

JAESCHKE.IN2   	9	6	8	8	0		0		11		4.8		0.0118
			7	7	7	0		0		12		5.29		0.0115
			8	6	6	0		0		11		5.74		0.0113
			10	4	4	0		0		3		2.24		0.0108
			18	3	3	0		0		17		13		0.0104

JACKSON.IN2   	11	7	8	8	0		0		10		4.69		0.0201
			9	6	6	0		0		8		5.1		0.0191
			10	5	5	0		0		4		2.45		0.0179
			13	4	4	0		0		6		4.47		0.018
			14	4	4	0		0		10		6.16		0.0199
			21	3	3	0		0		17		12.5		0.0175

MANSOOR.IN2   	11	48	4	4	0		0		7		5		0.0179
			62	3	3	0		0		1		1		0.0166
			94	2	2	0		0		3		3		0.0152

MITCHELL.IN2   	21	14	8	8	0		0		7		3.32		0.0893
			15	8	8	0		0		15		7.94		0.0851
			21	5	5	0		0		0		0		0.0925
			26	5	5	0		0		25		13.9		0.0927
			35	3	3	0		0		0		0		0.0898
			39	3	3	0		0		12		7.87		0.0933

ROSZIEG.IN2   	25	14	10	10	0		0		15		7.81		0.135
			16	8	8	0		0		3		2.24		0.15
			18	8	8	0		0		19		8.19		0.154
			21	6	6	0		0		1		1		0.146
			25	6	6	0		0		25		16.8		0.135
			32	4	4	0		0		3		2.24		0.146

HESKIA.IN2   	28	138	8	8	0		0		80		38.8		0.227
			205	6	5	1		20		206		140		0.219
			216	5	5	0		0		56		41.1		0.235
			256	4	4	0		0		0		0		0.195
			324	4	4	0		0		272		207		0.221
			342	3	3	0		0		2		2		0.208

BUXEY.IN2   	29	27	13	13	0		0		27		10.8		0.22
			30	12	12	0		0		36		15.8		0.238
			33	11	11	0		0		39		23.3		0.22
			36	10	10	0		0		36		14.3		0.251
			41	8	8	0		0		4		2.45		0.212
			47	8	7	1		14.3		52		29.8		0.239
			54	7	7	0		0		54		26.5		0.224

SAWYER30.IN2   	30	25	14	14	0		0		26		11		0.241
			27	13	13	0		0		27		11.2		0.246
			30	12	12	0		0		36		13.4		0.238
			33	11	11	0		0		39		19.3		0.248
			36	10	10	0		0		36		15.6		0.24
			41	8	8	0		0		4		3.16		0.233
			47	8	7	1		14.3		52		34.1		0.229
			54	7	7	0		0		54		37.3		0.251
			75	5	5	0		0		51		40.7		0.226

LUTZ1.IN2   	32	1414	11	11	0		0		1414		526		0.288
			1572	10	10	0		0		1580		570		0.263
			1768	9	9	0		0		1772		727		0.305
			2020	8	8	0		0		2020		809		0.28
			2357	7	7	0		0		2359		1.02e+03		0.299
			2828	6	6	0		0		2828		1.74e+03		0.279

GUNTHER.IN2   	35	41	14	14	0		0		91		42.1		0.376
			44	12	12	0		0		45		21.4		0.394
			49	11	11	0		0		56		24.4		0.386
			54	10	9	1		11.1		57		21.9		0.363
			61	9	9	0		0		66		32.4		0.392
			69	8	8	0		0		69		39.2		0.384
			81	7	7	0		0		84		44.4		0.382

KILBRID.IN2   	45	56	10	10	0		0		8		3.46		0.792
			57	10	10	0		0		18		7.07		0.793
			62	10	9	1		11.1		68		32.6		0.79
			69	9	8	1		12.5		69		59.2		0.761
			79	8	7	1		14.3		80		42.6		0.79
			92	7	6	1		16.7		92		54.4		0.783
			110	6	6	0		0		108		89		0.788
			111	5	5	0		0		3		1.73		0.763
			138	5	4	1		25		138		117		0.731
			184	3	3	0		0		0		0		0.708

HAHN.IN2   	53	2004	8	8	0		0		2006		1.07e+03		1.18
			2338	8	7	1		14.3		4678		2.23e+03		1.22
			2806	6	6	0		0		2810		1.95e+03		1.27
			3507	5	5	0		0		3509		2.17e+03		1.29
			4676	4	4	0		0		4678		3.67e+03		1.28

WARNECKE.IN2   	58	54	33	31	2		6.45		234		56.9		1.49
			56	31	29	2		6.9		188		55.6		1.7
			58	30	29	1		3.45		192		48.7		1.57
			60	28	27	1		3.7		132		33		1.5
			62	28	27	1		3.7		188		49.1		1.54
			65	27	25	2		8		207		51.2		1.6
			68	26	24	2		8.33		220		59.1		1.6
			71	24	23	1		4.35		156		47.4		1.65
			74	23	22	1		4.55		154		42.3		1.56
			78	22	21	1		4.76		168		54.4		1.55
			82	21	20	1		5		174		51.4		1.66
			86	19	19	0		0		86		26.5		1.54
			92	18	17	1		5.88		108		36.3		1.58
			97	17	17	0		0		101		38.9		1.56
			104	16	15	1		6.67		116		37.3		1.64
			111	15	14	1		7.14		117		60		1.54

TONGE70.IN2   	70	160	23	23	0		0		170		46.3		2.7
			168	23	22	1		4.55		354		98.4		2.54
			176	22	21	1		4.76		362		119		2.76
			185	20	20	0		0		190		66.7		2.36
			195	19	19	0		0		195		64.3		2.58
			207	18	18	0		0		216		73.2		2.64
			220	17	17	0		0		230		86.6		2.64
			234	16	16	0		0		234		94.4		2.65
			251	15	14	1		7.14		255		93.2		2.67
			270	14	14	0		0		270		111		2.74
			293	13	13	0		0		299		170		2.61
			320	12	11	1		9.09		330		195		2.75
			364	10	10	0		0		130		53.8		2.57
			410	9	9	0		0		180		94.7		2.68
			468	8	8	0		0		234		145		2.66
			527	7	7	0		0		179		96.1		2.7

WEE-MAG.IN2   	75	28	63	63	0		0		265		38.5		3.15
			29	63	63	0		0		328		47.5		3.25
			30	62	62	0		0		361		49.5		3.05
			31	62	62	0		0		423		57.3		3.23
			32	61	61	0		0		453		62.2		3.24
			33	61	61	0		0		514		71		3.46
			34	61	61	0		0		575		78.5		3.42
			35	60	60	0		0		601		82.7		3.28
			36	60	60	0		0		661		90.2		3.23
			37	60	60	0		0		721		97.9		3.41
			38	60	60	0		0		781		106		3.43
			39	60	60	0		0		841		113		3.42
			40	60	60	0		0		901		121		3.43
			41	59	59	0		0		920		125		3.5
			42	55	55	0		0		811		120		3.04
			43	50	50	0		0		651		108		3.28
			45	39	38	1		2.63		256		63.7		2.82
			46	37	34	3		8.82		203		56.7		3.06
			47	34	32	2		6.25		99		37.5		2.9
			49	33	32	1		3.12		118		30.9		3.34
			50	32	32	0		0		101		22.6		3.26
			52	32	31	1		3.23		165		37.3		3.38
			54	31	31	0		0		175		36.7		3.25
			56	31	30	1		3.33		237		49.2		3.42

ARC83.IN2   	83	3786	21	21	0		0		3799		1.27e+03		4.65
			3985	21	20	1		5		7978		2.19e+03		4.73
			4206	20	19	1		5.26		8413		2.52e+03		4.99
			4454	18	18	0		0		4465		1.34e+03		4.83
			4732	17	17	0		0		4737		1.39e+03		4.6
			5048	16	16	0		0		5061		1.77e+03		4.5
			5408	15	15	0		0		5413		1.83e+03		4.53
			5824	14	14	0		0		5829		2.48e+03		4.75
			5853	14	14	0		0		6235		3.04e+03		4.67
			6309	13	13	0		0		6310		2.11e+03		4.68
			6842	12	12	0		0		6397		3.2e+03		4.36
			6883	12	12	0		0		6889		3.46e+03		4.26
			7571	11	11	0		0		7574		4.27e+03		4.62
			8412	10	10	0		0		8413		5.33e+03		4.84
			8898	9	9	0		0		4375		2.06e+03		4.67
			10816	8	8	0		0		10821		7.42e+03		4.71

LUTZ2.IN2   	89	11	51	49	2		4.08		76		15		5.68
			12	47	44	3		6.82		79		16.3		5.42
			13	42	40	2		5		61		14.5		5.93
			14	39	37	2		5.41		61		15.7		5.79
			15	35	34	1		2.94		40		11.9		6.47
			16	33	31	2		6.45		43		11.6		7.69
			17	31	29	2		6.9		42		11.1		8.16
			18	29	28	1		3.57		37		9.43		10.3
			19	27	26	1		3.85		28		8.83		11.1
			20	26	25	1		4		35		10.2		13.1
			21	25	24	1		4.17		40		11.4		13

LUTZ3.IN2   	89	75	24	23	1		4.35		156		41.3		13.5
			79	23	22	1		4.55		173		47		15.7
			83	21	21	0		0		99		40.3		16.9
			87	21	20	1		5		183		81.3		17.1
			92	19	19	0		0		104		42.3		15.8
			97	18	18	0		0		102		33.7		15.7
			103	17	17	0		0		107		34.4		17.6
			110	16	15	1		6.67		116		40.5		17
			118	15	14	1		7.14		126		44.9		17.9
			127	14	14	0		0		134		46.1		16.8
			137	13	13	0		0		137		55.9		17.8
			150	12	12	0		0		156		71.4		16.1

MUKHERJE.IN2   	94	176	25	25	0		0		192		52.2		20.1
			183	24	24	0		0		184		61.1		22.1
			192	23	23	0		0		208		97.7		22.5
			201	23	22	1		4.55		415		146		22.8
			211	21	21	0		0		223		115		22.9
			222	21	20	1		5		454		169		23.7
			234	19	19	0		0		238		81.7		22.7
			248	18	18	0		0		256		87.1		20.7
			263	17	17	0		0		263		107		21.9
			281	16	16	0		0		288		105		28.2
			301	15	15	0		0		307		127		27.8
			324	14	14	0		0		328		225		27.6
			351	13	13	0		0		355		168		24

ARC111.IN2   	111	5755	28	27	1		3.7		10741		2.85e+03		34.6
			5785	28	27	1		3.7		11581		3.58e+03		35.2
			6016	27	26	1		3.85		12033		3.69e+03		33.3
			6267	26	25	1		4		12543		5.31e+03		34.4
			6540	25	24	1		4.17		13101		4.28e+03		34.8
			6837	24	23	1		4.35		13689		4.24e+03		33.1
			7162	22	22	0		0		7165		3.05e+03		35.7
			7520	21	21	0		0		7521		2.39e+03		31.6
			7916	20	20	0		0		7921		3.1e+03		34.7
			8356	19	19	0		0		8365		2.67e+03		35.8
			8847	18	18	0		0		8847		3.77e+03		34.8
			9400	17	17	0		0		9401		3.5e+03		33.9
			10027	16	16	0		0		10033		4.19e+03		33.6
			10743	15	15	0		0		10746		5.6e+03		35.4
			11378	14	14	0		0		8893		3.42e+03		35.5
			11570	14	13	1		7.69		11581		4.88e+03		35.4
			17067	9	9	0		0		3204		1.81e+03		33.2

BARTHOL2.IN2   	148	84	54	51	3		5.88		302		71.3		72.7
			85	53	50	3		6		271		55.1		68.6
			87	51	49	2		4.08		203		38		72.3
			89	50	48	2		4.17		216		38.1		66.9
			91	49	47	2		4.26		225		45.6		58.9
			93	48	46	2		4.35		230		49		63.7
			95	47	45	2		4.44		231		44.6		54.2
			97	46	44	2		4.55		228		51.4		44.6
			99	45	43	2		4.65		221		47.7		44.8
			101	45	42	3		7.14		311		74.6		38.1
			104	43	41	2		4.88		238		48.6		31.3
			106	42	40	2		5		218		50		32.6
			109	41	39	2		5.13		235		57.9		27.2
			112	39	38	1		2.63		134		28.1		23.4
			115	38	37	1		2.7		136		34.3		24.2
			118	37	36	1		2.78		132		34.9		25.3
			121	36	35	1		2.86		122		29.7		25.4
			125	35	34	1		2.94		141		35.3		25.5
			129	34	33	1		3.03		152		35.8		24.7
			133	33	32	1		3.12		155		34.9		25.1
			137	32	31	1		3.23		150		34.4		24.6
			142	31	30	1		3.33		168		42.8		24.6
			146	30	29	1		3.45		146		40.2		26
			152	29	28	1		3.57		174		47.5		25.8
			157	28	27	1		3.7		162		48		25.6
			163	27	26	1		3.85		167		44.4		26.9
			170	26	25	1		4		186		62.9		26.8

BARTHOLD.IN2   	148	403	15	14	1		7.14		411		268		26.7
			434	14	13	1		7.69		442		362		25.5
			470	13	12	1		8.33		476		407		26.6
			513	12	11	1		9.09		522		405		26.7
			564	11	10	1		10		570		501		27.8
			626	10	9	1		11.1		626		574		27.6
			705	9	8	1		12.5		711		631		27.3
			805	8	7	1		14.3		806		732		28.7

SCHOLL.IN2   	297	1394	52	50	2		4		2833		498		222
			1422	51	50	1		2		2867		652		240
			1452	50	48	2		4.17		2945		787		225
			1483	49	47	2		4.26		3012		572		214
			1515	48	46	2		4.35		3065		622		217
			1548	47	46	1		2.17		3101		878		208
			1584	46	44	2		4.55		3209		949		236
