-------------------------------------------------------------------------------------------------------------------------------------------------------------------------------------------------------

								Lower Bound					Upper Bound					Binary Search
						---------------------------------------------		---------------------------------------------		---------------------------------------------
Problem		n	m	c*		c	%dev	BD	SX	CPU(time)		c	%dev	BD	SX	CPU(time)		c	%dev	BD	SX	CPU(time)

-------------------------------------------------------------------------------------------------------------------------------------------------------------------------------------------------------
BUXEY.IN2   	29	7	47		49	4.25532	19	10.5357	0.000357		49	4.25532	68	36.0832	0.003532		49	4.25532	19	10.5357	0.00098
			8	41		43	4.87805	20	9.05539	0.000356		43	4.87805	63	28.3373	0.003219		43	4.87805	20	9.05539	0.000806
			9	37		39	5.40541	27	12.3693	0.000364		39	5.40541	66	29.1548	0.002976		39	5.40541	27	12.3693	0.000751
			10	34		35	2.94118	26	11.5758	0.000382		35	2.94118	61	26.4386	0.002603		35	2.94118	26	11.5758	0.00065
			11	32		32	0	28	11.4018	0.000426		32	0	60	22.7156	0.002472		32	0	28	11.4018	0.000601
			12	28		29	3.57143	24	8.7178	0.000291		29	3.57143	53	19.9249	0.002383		29	3.57143	24	8.7178	0.003338
			13	27		28	3.7037	40	17.4356	0.00041		28	3.7037	68	22.1359	0.002209		28	3.7037	40	17.4356	0.000493
			14	25		26	4	40	16.3095	0.000207		26	4	66	19.6469	0.002357		26	4	40	16.3095	0.000624

SAWYER30.IN2   	30	7	47		51	8.51064	33	28.3019	0.000451		51	8.51064	86	42.6615	0.002962		51	8.51064	33	28.3019	0.000697
			8	41		47	14.6341	52	33.2866	0.000628		47	14.6341	99	53.2447	0.00264		47	14.6341	52	33.2866	0.000464
			9	37		41	10.8108	45	27.4044	0.000484		41	10.8108	88	36.7967	0.002975		41	10.8108	45	27.4044	0.000575
			10	34		36	5.88235	36	17.9444	0.000402		36	5.88235	74	29.9333	0.002258		36	5.88235	36	17.9444	0.00054
			11	31		34	9.67742	50	22.3159	0.000501		34	9.67742	86	32.7109	0.00199		34	9.67742	50	22.3159	0.000435
			12	28		33	17.8571	72	28.9482	0.00063		33	17.8571	107	35.0286	0.001793		32	14.2857	92	30.9516	0.000446
			13	26		30	15.3846	66	22.3607	0.000526		30	15.3846	112	37.8418	0.001931		29	11.5385	82	27.8209	0.000478
			14	25		28	12	68	24	0.000346		28	12	112	35.4401	0.001643		28	12	68	24	0.00045

LUTZ1.IN2   	32	8	1860		1902	2.25806	1076	502.482	0.009272		1902	2.25806	3670	1803.32	0.165442		1902	2.25806	1076	502.482	0.061137
			9	1638		1746	6.59341	1574	734.087	0.064291		1746	6.59341	3320	1738.84	0.226969		1746	6.59341	1574	734.087	0.024217
			10	1526		1628	6.68414	2140	834.285	0.040386		1628	6.68414	3964	1657.84	0.188056		1628	6.68414	2140	834.285	0.015446
			11	1400		1472	5.14286	2052	735.973	0.005567		1472	5.14286	3524	1486.02	0.179455		1472	5.14286	2052	735.973	0.066334
			12	1400		1400	0	2660	977.748	7.2e-05		1346	-3.85714	3358	1519.11	0.152651		1400	0	2660	977.748	0.020118

GUNTHER.IN2   	35	6	84		84	0	21	12.4499	0.000493		84	0	105	82.9638	0.010689		84	0	21	12.4499	0.008757
			7	72		74	2.77778	35	22.4722	0.000769		74	2.77778	111	51.9326	0.006799		74	2.77778	35	22.4722	0.001483
			8	63		66	4.7619	45	27.8388	0.000991		66	4.7619	113	46.6154	0.005198		66	4.7619	45	27.8388	0.001178
			9	54		57	5.55556	30	13.1149	0.025211		57	5.55556	89	33.541	0.00512		57	5.55556	30	13.1149	0.001253
			10	50		52	4	37	15.7797	0.000584		52	4	132	61.563	0.022015		52	4	37	15.7797	0.00105
			11	48		50	4.16667	67	30.1164	0.000866		50	4.16667	119	50.4876	0.019655		50	4.16667	67	30.1164	0.000804
			12	44		48	9.09091	93	36.2353	0.003278		48	9.09091	143	50.4282	0.006456		48	9.09091	93	36.2353	0.000678
			13	42		42	0	63	26.3629	0.000509		42	0	149	47.7807	0.033757		42	0	63	26.3629	0.001182
			14	40		42	5	63	26.3629	0.000466		42	5	189	62.3137	0.004092		41	2.5	214	71.007	0.00635
			15	40		42	5	63	26.3629	0.000676		42	5	191	62.3458	0.00569		41	2.5	214	71.007	0.001065

KILBRID.IN2   	45	3	184		185	0.543478	3	2.23607	0.000387		185	0.543478	188	180.067	0.068666		185	0.543478	3	2.23607	0.022966
			4	138		139	0.724638	4	2.44949	0.000309		139	0.724638	143	134.116	0.043975		139	0.724638	4	2.44949	0.005345
			5	111		112	0.900901	8	4.89898	0.00048		112	0.900901	125	107.308	0.03767		112	0.900901	8	4.89898	0.018064
			6	92		94	2.17391	12	7.07107	0.000743		94	2.17391	106	89.342	0.028004		94	2.17391	12	7.07107	0.005153
			7	79		81	2.53165	15	7.4162	0.00063		81	2.53165	96	76.4461	0.048735		81	2.53165	15	7.4162	0.003456
			8	69		70	1.44928	8	4	0.000338		70	1.44928	88	59.3127	0.013729		70	1.44928	8	4	0.003118
			9	62		63	1.6129	15	6.08276	0.000544		63	1.6129	83	59.1354	0.046171		63	1.6129	15	6.08276	0.002776
			10	56		57	1.78571	18	7.07107	0.001338		57	1.78571	75	52.6023	0.029533		57	1.78571	18	7.07107	0.004403
			11	55		55	0	53	45.1996	0.000186		51	-7.27273	65	46.9361	0.024322		55	0	53	45.1996	0.001323

HAHN.IN2   	53	3	4787		5005	4.554	989	964.324	0.095117		5005	4.554	5994	4169.2	1.29563		5005	4.554	989	964.324	0.613191
			4	3677		3808	3.56269	1206	847.534	0.093111		3808	3.56269	5014	3265.16	1.00038		3808	3.56269	1206	847.534	0.188961
			5	2823		2902	2.79844	484	303.49	0.037576		2902	2.79844	5253	3187.56	0.994232		2902	2.79844	484	303.49	0.213088
			6	2400		2652	10.5	1886	1128.25	0.122353		2652	10.5	4538	2206.91	0.661404		2652	10.5	1886	1128.25	0.08034
			7	2336		2419	3.55308	2907	1866.38	0.128823		2419	3.55308	5326	2537.75	0.518539		2419	3.55308	2907	1866.38	0.046816
			8	1907		1976	3.61825	1782	1002.48	0.063991		1976	3.61825	3758	1918.33	0.508187		1976	3.61825	1782	1002.48	0.082567
			9	1827		1827	0	2417	1452.06	0.008773		1827	0	4244	1958.64	0.410641		1827	0	2417	1452.06	0.106147
			10	1775		1792	0.957747	3894	1815.26	0.005454		1792	0.957747	5686	2388.9	0.336269		1792	0.957747	3894	1815.26	0.024881

WARNECKE.IN2   	58	3	516		518	0.387597	6	5.09902	0.000552		518	0.387597	524	503.249	0.224349		518	0.387597	6	5.09902	0.097899
			4	387		394	1.80879	28	25.1794	0.001464		394	1.80879	422	379.721	0.145005		394	1.80879	28	25.1794	0.031983
			5	310		320	3.22581	52	36.4692	0.002649		320	3.22581	372	308.266	0.125664		320	3.22581	52	36.4692	0.027523
			6	258		263	1.93798	30	15.6844	0.001153		263	1.93798	293	248.928	0.124997		263	1.93798	30	15.6844	0.024416
			7	222		226	1.8018	34	17.4356	0.001228		226	1.8018	275	220.765	0.094371		226	1.8018	34	17.4356	0.022737
			8	194		201	3.60825	60	27.4226	0.001759		201	3.60825	261	188.608	0.063795		201	3.60825	60	27.4226	0.037888
			9	172		180	4.65116	72	30.8221	0.001879		180	4.65116	267	177.457	0.059044		180	4.65116	72	30.8221	0.018783
			10	155		165	6.45161	102	48.2079	0.003311		165	6.45161	267	158.079	0.069671		165	6.45161	102	48.2079	0.006786
			11	142		152	7.04225	124	53.9815	0.002869		152	7.04225	276	149.023	0.047479		152	7.04225	124	53.9815	0.005562
			12	130		140	7.69231	132	53.9259	0.00263		140	7.69231	294	121.285	0.050699		140	7.69231	132	53.9259	0.026809
			13	120		127	5.83333	103	37.2693	0.002022		127	5.83333	252	106.452	0.067057		127	5.83333	103	37.2693	0.00743
			14	111		119	7.20721	118	46.8402	0.002403		119	7.20721	259	93.803	0.069558		119	7.20721	118	46.8402	0.005516
			15	104		109	4.80769	87	32.6037	0.001689		109	4.80769	218	85.2408	0.052161		109	4.80769	87	32.6037	0.006154
			16	98		104	6.12245	116	53.7773	0.035184		104	6.12245	242	87.9432	0.057483		104	6.12245	116	53.7773	0.005259
			17	92		98	6.52174	118	46.3465	0.003088		98	6.52174	216	92.8655	0.039602		98	6.52174	118	46.3465	0.004589
			18	87		96	10.3448	180	87.5214	0.021586		96	10.3448	276	100.29	0.038593		96	10.3448	180	87.5214	0.003301
			19	84		92	9.52381	200	83.3067	0.003063		92	9.52381	292	99.94	0.048533		92	9.52381	200	83.3067	0.003175
			20	79		87	10.1266	192	80.7217	0.003062		87	10.1266	279	97.1545	0.050003		87	10.1266	192	80.7217	0.003427
			21	76		84	10.5263	216	80.697	0.016209		84	10.5263	315	101.158	0.028177		84	10.5263	216	80.697	0.00319
			22	73		81	10.9589	234	78.3454	0.003653		81	10.9589	330	104.058	0.014949		81	10.9589	234	78.3454	0.028249
			23	69		78	13.0435	246	84.1784	0.003307		78	13.0435	339	107.047	0.034822		78	13.0435	246	84.1784	0.004612
			24	66		77	16.6667	300	94.4987	0.00388		77	16.6667	399	105.105	0.01412		77	16.6667	300	94.4987	0.001985
			25	64		71	10.9375	227	67.2681	0.003135		71	10.9375	320	82.9096	0.10147		71	10.9375	227	67.2681	0.002986
			26	64		69	7.8125	246	70.6399	0.003141		69	7.8125	337	80.5047	0.040009		69	7.8125	246	70.6399	0.002461
			27	60		67	11.6667	261	68.6513	0.015227		67	11.6667	350	85.2174	0.031429		67	11.6667	261	68.6513	0.002008
			28	59		66	11.8644	300	78.1409	0.003485		66	11.8644	366	92.2497	0.012058		66	11.8644	300	78.1409	0.002018
			29	56		65	16.0714	337	88.3572	0.003718		65	16.0714	402	94.0425	0.03386		64	14.2857	372	89.8332	0.001708

TONGE70.IN2   	70	3	1170		1172	0.17094	6	4.47214	0.005743		1172	0.17094	1178	1145.33	0.688191		1172	0.17094	6	4.47214	0.365801
			4	878		883	0.569476	22	14.3527	0.001945		883	0.569476	905	856.378	0.558281		883	0.569476	22	14.3527	0.115761
			5	702		708	0.854701	30	15.8745	0.046973		708	0.854701	738	681.625	0.410561		708	0.854701	30	15.8745	0.101939
			6	585		589	0.683761	24	12.5698	0.001449		589	0.683761	613	562.604	0.400431		589	0.683761	24	12.5698	0.107377
			7	502		507	0.996016	39	18.412	0.002224		507	0.996016	546	481.028	0.317976		507	0.996016	39	18.412	0.074916
			8	439		449	2.2779	82	34.641	0.003569		449	2.2779	531	432.799	0.341359		449	2.2779	82	34.641	0.066967
			9	391		395	1.02302	45	19.3132	0.001779		395	1.02302	440	327.035	0.311009		395	1.02302	45	19.3132	0.069214
			10	352		369	4.82955	180	112.125	0.005824		369	4.82955	608	362.356	0.275057		369	4.82955	180	112.125	0.056939
			11	320		328	2.5	98	39.1408	0.003181		328	2.5	444	306.76	0.255708		328	2.5	98	39.1408	0.046732
			12	294		302	2.72109	114	48.1041	0.034326		302	2.72109	416	287.781	0.229293		302	2.72109	114	48.1041	0.06155
			13	271		283	4.42804	169	62.2656	0.004833		283	4.42804	524	278.984	0.209219		283	4.42804	169	62.2656	0.008679
			14	251		265	5.57769	200	66.4981	0.01475		265	5.57769	465	211.96	0.188428		265	5.57769	200	66.4981	0.049192
			15	235		244	3.82979	150	53.3479	0.004317		244	3.82979	481	184.242	0.153676		244	3.82979	150	53.3479	0.032992
			16	221		243	9.95475	378	159.468	0.011532		243	9.95475	621	276.368	0.155596		243	9.95475	378	159.468	0.002872
			17	208		223	7.21154	281	198.94	0.007147		223	7.21154	591	215.112	0.145765		223	7.21154	281	198.94	0.015445
			18	196		223	13.7755	281	198.94	0.038398		223	13.7755	727	283.952	0.127145		223	13.7755	281	198.94	0.002584
			19	186		202	8.60215	328	135.241	0.036179		202	8.60215	620	229.351	0.124141		202	8.60215	328	135.241	0.024785
			20	177		193	9.03955	350	109.627	0.009274		193	9.03955	587	216.756	0.130411		193	9.03955	350	109.627	0.022713
			21	170		189	11.1765	459	151.079	0.014725		189	11.1765	707	243.526	0.112956		189	11.1765	459	151.079	0.004863
			22	162		183	12.963	516	168.048	0.02271		183	12.963	758	241.267	0.107779		183	12.963	516	168.048	0.010349
			23	156		167	7.05128	331	118.773	0.016796		167	7.05128	557	212.746	0.103605		167	7.05128	331	118.773	0.036314
			24	156		162	3.84615	378	121.153	0.002701		162	3.84615	599	214.058	0.126755		162	3.84615	378	121.153	0.005685
			25	156		156	0	390	120.441	0.000354		154	-1.28205	494	144.651	0.110676		156	0	390	120.441	0.003986

WEE-MAG.IN2   	75	3	500		508	1.6	25	19.3132	0.003524		508	1.6	533	483.931	0.30661		508	1.6	25	19.3132	0.116483
			4	375		383	2.13333	33	21.4709	0.003145		383	2.13333	416	359.489	0.242828		383	2.13333	33	21.4709	0.049137
			5	300		305	1.66667	26	14.8997	0.003362		305	1.66667	331	281.103	0.173455		305	1.66667	26	14.8997	0.040397
			6	250		256	2.4	37	20.7123	0.003605		256	2.4	293	232.802	0.188766		256	2.4	37	20.7123	0.036629
			7	215		219	1.86047	34	19.0263	0.001877		219	1.86047	278	211.613	0.145697		219	1.86047	34	19.0263	0.02521
			8	188		192	2.12766	37	17.2337	0.002009		192	2.12766	254	173.459	0.117517		192	2.12766	37	17.2337	0.033492
			9	167		174	4.19162	67	28.0179	0.002959		174	4.19162	241	153.333	0.112254		174	4.19162	67	28.0179	0.029787
			10	150		156	4	61	27.037	0.002358		156	4	242	150.778	0.098782		156	4	61	27.037	0.029261
			11	137		144	5.10949	85	41.8927	0.002769		144	5.10949	229	125.638	0.075436		144	5.10949	85	41.8927	0.00853
			12	125		131	4.8	73	28.1603	0.002439		131	4.8	229	126.471	0.087069		131	4.8	73	28.1603	0.028834
			13	116		121	4.31034	74	28.2489	0.002874		121	4.31034	220	107.796	0.084119		121	4.31034	74	28.2489	0.019652
			14	108		113	4.62963	83	30.5778	0.00265		113	4.62963	221	100.802	0.078225		113	4.62963	83	30.5778	0.019193
			15	100		108	8	121	39.2556	0.003285		108	8	229	94.8736	0.054546		108	8	121	39.2556	0.01311
			16	94		99	5.31915	85	30.05	0.002605		99	5.31915	184	82.6801	0.064165		99	5.31915	85	30.05	0.019717
			17	89		94	5.61798	99	37	0.002369		94	5.61798	193	80.0812	0.065379		94	5.61798	99	37	0.018464
			18	84		90	7.14286	121	51.8941	0.002849		90	7.14286	236	84.9706	0.083437		90	7.14286	121	51.8941	0.005577
			19	84		88	4.7619	173	59.2199	0.003759		88	4.7619	286	87.3155	0.051188		88	4.7619	173	59.2199	0.00286
			20	77		83	7.79221	161	44.3734	0.031668		83	7.79221	244	75.0467	0.053321		83	7.79221	161	44.3734	0.00437
			21	72		79	9.72222	160	43.6807	0.003157		79	9.72222	239	73.437	0.048224		79	9.72222	160	43.6807	0.027215
			22	69		74	7.24638	129	46.8508	0.009232		74	7.24638	203	67.5648	0.042572		74	7.24638	129	46.8508	0.005176
			23	66		71	7.57576	134	42.2137	0.002476		71	7.57576	205	66.5207	0.05906		71	7.57576	134	42.2137	0.004288
			24	66		69	4.54545	157	59.2706	0.002831		69	4.54545	226	67.6905	0.041568		69	4.54545	157	59.2706	0.002836
			25	66		68	3.0303	201	64.4593	0.003552		68	3.0303	294	78.3582	0.032074		68	3.0303	201	64.4593	0.00215
			26	65		67	3.07692	243	62.8729	0.003958		67	3.07692	335	81.3327	0.083		67	3.07692	243	62.8729	0.002783
			27	63		66	4.7619	283	66.3099	0.004498		66	4.7619	349	81.2096	0.040921		66	4.7619	283	66.3099	0.002656
			28	63		65	3.1746	321	76.974	0.005028		65	3.1746	411	89.4036	0.056558		65	3.1746	321	76.974	0.002366
			29	63		64	1.5873	357	75.6637	0.021239		64	1.5873	446	91.4002	0.02771		62	-1.5873	361	71.9375	0.009382
			30	56		58	3.57143	241	51.2152	0.019474		58	3.57143	324	67.2904	0.016793		58	3.57143	241	51.2152	0.002657

ARC83.IN2   	83	3	25236		25369	0.527025	400	356.115	0.093353		25369	0.527025	25769	21887	14.9091		25369	0.527025	400	356.115	8.81039
			4	18927		19075	0.781952	593	391.23	0.129499		19075	0.781952	19668	15689.4	14.6442		19075	0.781952	593	391.23	3.98449
			5	15142		15549	2.68789	2038	1236.03	0.347824		15549	2.68789	17587	12427.5	12.6891		15549	2.68789	2038	1236.03	3.03403
			6	12620		12979	2.84469	2167	1012.46	0.351006		12979	2.84469	15146	9938.95	11.4361		12979	2.84469	2167	1012.46	2.66981
			7	10826		11088	2.4201	1909	1118.49	0.260752		11088	2.4201	12997	7954.37	8.86051		11088	2.4201	1909	1118.49	2.17668
			8	9554		9692	1.44442	1829	798.835	0.234099		9692	1.44442	11521	7090.39	7.8183		9692	1.44442	1829	798.835	1.96571
			9	8499		8797	3.50629	3466	1887.87	0.356904		8797	3.50629	12263	6397.6	7.01452		8797	3.50629	3466	1887.87	1.68507
			10	7580		7925	4.55145	3543	1492.66	0.323741		7925	4.55145	11468	5328.29	6.32437		7925	4.55145	3543	1492.66	1.48654
			11	7084		7167	1.17165	3130	1222.1	0.258874		7167	1.17165	10297	4471.98	5.96419		7167	1.17165	3130	1222.1	1.45055
			12	6412		6825	6.44105	6193	2661.57	0.678164		6825	6.44105	13018	5293.86	5.30923		6825	6.44105	6193	2661.57	0.982809
			13	5864		6233	6.29263	5322	1901.52	0.386556		6233	6.29263	11555	4351.15	4.99039		6233	6.29263	5322	1901.52	1.06555
			14	5441		5684	4.46609	3869	1331.59	0.281389		5684	4.46609	9553	3693.88	5.0068		5684	4.46609	3869	1331.59	1.0592
			15	5104		5400	5.79937	5293	1717.1	0.386156		5400	5.79937	10693	4360.76	4.44847		5400	5.79937	5293	1717.1	0.996855
			16	4850		4991	2.90722	4149	1220.45	0.277746		4991	2.90722	9140	4099.15	4.51619		4991	2.90722	4149	1220.45	0.989417
			17	4516		4840	7.17449	6573	2085.59	0.392748		4840	7.17449	11413	4223.33	4.15388		4840	7.17449	6573	2085.59	0.170639
			18	4317		4631	7.27357	7651	3368.07	0.504952		4631	7.27357	12282	4327.58	3.72391		4631	7.27357	7651	3368.07	0.432811
			19	4068		4488	10.3245	9565	2779.47	0.565185		4488	10.3245	14053	4283.31	3.61826		4488	10.3245	9565	2779.47	0.260525
			20	3882		4046	4.22463	5213	1443.54	0.235103		4046	4.22463	9259	3303.43	3.64812		4046	4.22463	5213	1443.54	0.785398
			21	3691		3921	6.23137	6634	1643.99	0.257775		3921	6.23137	10555	3049.87	3.25597		3921	6.23137	6634	1643.99	0.268926
			22	3691		3722	0.839881	6177	1647.2	0.017667		3722	0.839881	9899	3170.45	3.19401		3722	0.839881	6177	1647.2	0.396858

LUTZ2.IN2   	89	9	54		55	1.85185	10	10	0.001088		55	1.85185	74	48.2494	0.033963		55	1.85185	10	10	0.004844
			10	49		51	4.08163	25	14.3875	0.001395		51	4.08163	76	43.7721	0.043781		51	4.08163	25	14.3875	0.003994
			11	45		46	2.22222	21	9.11043	0.001054		46	2.22222	76	40.5216	0.070154		46	2.22222	21	9.11043	0.003899
			12	41		42	2.43902	19	6.55744	0.001143		42	2.43902	70	35.8887	0.050609		42	2.43902	19	6.55744	0.003609
			13	38		40	5.26316	35	17.8606	0.001489		40	5.26316	75	33.9559	0.012306		40	5.26316	35	17.8606	0.002879
			14	35		37	5.71429	33	15.7162	0.001494		37	5.71429	70	30.7246	0.089267		37	5.71429	33	15.7162	0.002961
			15	33		35	6.06061	40	15.1658	0.00151		35	6.06061	75	30.6757	0.033673		35	6.06061	40	15.1658	0.002664
			16	31		33	6.45161	43	14.5258	0.001718		33	6.45161	76	28.178	0.039863		33	6.45161	43	14.5258	0.02177
			17	29		30	3.44828	25	10.7238	0.001118		30	3.44828	64	25.2587	0.023507		30	3.44828	25	10.7238	0.02122
			18	28		28	0	19	11.3578	0.001133		28	0	82	28.9482	0.020388		28	0	19	11.3578	0.002648
			19	26		28	7.69231	19	11.3578	0.00158		28	7.69231	84	26.4197	0.02271		28	7.69231	19	11.3578	0.001897
			20	25		27	8	55	17	0.001591		27	8	82	25.1396	0.020646		27	8	55	17	0.002587
			21	24		25	4.16667	40	12.8062	0.001202		25	4.16667	82	24.6982	0.029527		25	4.16667	40	12.8062	0.002387
			22	23		24	4.34783	43	13.3791	0.001217		24	4.34783	84	23.1948	0.040812		24	4.34783	43	13.3791	0.002472
			23	22		24	9.09091	43	13.3791	0.001624		24	9.09091	91	23.5584	0.025677		24	9.09091	43	13.3791	0.001991
			24	21		22	4.7619	43	16.7033	0.001556		22	4.7619	82	22.5832	0.009883		22	4.7619	43	16.7033	0.001998
			25	20		22	10	43	16.7033	0.001716		22	10	87	22.4277	0.022403		22	10	43	16.7033	0.002009
			26	19		21	10.5263	61	18.8414	0.001732		21	10.5263	91	21.7945	0.055765		21	10.5263	61	18.8414	0.002626
			27	19		20	5.26316	55	13.6015	0.002113		20	5.26316	84	20.5426	0.047736		20	5.26316	55	13.6015	0.002369
			28	18		19	5.55556	47	12.8452	0.002715		19	5.55556	101	24.0624	0.012308		19	5.55556	47	12.8452	0.002003

LUTZ3.IN2   	89	3	548		562	2.55474	42	41.0122	0.004737		562	2.55474	634	537.254	0.483837		562	2.55474	42	41.0122	0.26971
			4	411		418	1.70316	28	18.8149	0.002538		418	1.70316	446	400.847	0.392256		418	1.70316	28	18.8149	0.104678
			5	329		339	3.03951	51	39.2301	0.003744		339	3.03951	390	323.314	0.318984		339	3.03951	51	39.2301	0.065477
			6	275		286	4	72	44.833	0.041372		286	4	358	274.853	0.253435		286	4	72	44.833	0.059802
			7	236		240	1.69492	36	20.9762	0.002325		240	1.69492	306	219.945	0.229043		240	1.69492	36	20.9762	0.060246
			8	207		217	4.83092	92	45.8258	0.028058		217	4.83092	309	204.717	0.199547		217	4.83092	92	45.8258	0.036433
			9	184		191	3.80435	75	38.092	0.045978		191	3.80435	296	175.083	0.187234		191	3.80435	75	38.092	0.036051
			10	165		173	4.84848	86	39.8748	0.004298		173	4.84848	259	160.838	0.150376		173	4.84848	86	39.8748	0.062956
			11	151		158	4.63576	94	49.1121	0.032164		166	9.93377	348	168.125	0.137711		166	9.93377	182	77.8974	0.025226
			12	138		147	6.52174	120	62.4179	0.003829		147	6.52174	267	144.274	0.109971		147	6.52174	120	62.4179	0.009748
			13	128		133	3.90625	85	31.3528	0.002852		133	3.90625	218	120.457	0.127199		133	3.90625	85	31.3528	0.047391
			14	118		128	8.47458	148	54.4977	0.004782		128	8.47458	276	122.841	0.118549		128	8.47458	148	54.4977	0.005443
			15	110		121	10	171	105.418	0.028866		121	10	322	122.817	0.092954		121	10	171	105.418	0.029555
			16	105		112	6.66667	148	50.5569	0.004264		112	6.66667	260	108.692	0.108455		112	6.66667	148	50.5569	0.015871
			17	98		106	8.16327	158	81.2527	0.004314		106	8.16327	294	106.499	0.163265		106	8.16327	158	81.2527	0.0061
			18	93		102	9.67742	192	64.8074	0.00453		102	9.67742	312	115.169	0.110328		102	9.67742	192	64.8074	0.020131
			19	89		98	10.1124	218	85.0176	0.004901		98	10.1124	346	104.336	0.083275		98	10.1124	218	85.0176	0.033415
			20	85		94	10.5882	236	70.8096	0.02563		94	10.5882	360	101.882	0.080784		94	10.5882	236	70.8096	0.004602
			21	80		91	13.75	267	74.505	0.005677		91	13.75	388	111.821	0.0798		91	13.75	267	74.505	0.003951
			22	76		89	17.1053	314	91.214	0.038179		89	17.1053	403	116.056	0.061748		89	17.1053	314	91.214	0.003754
			23	74		77	4.05405	127	44.9555	0.001685		77	4.05405	204	74.7128	0.090062		77	4.05405	127	44.9555	0.039704

MUKHERJE.IN2   	94	3	1403		1415	0.85531	37	32.3883	0.006977		1415	0.85531	1452	1362.46	2.29093		1415	0.85531	37	32.3883	1.13548
			4	1052		1074	2.09125	88	76.4853	0.040431		1074	2.09125	1162	1024.37	1.73029		1074	2.09125	88	76.4853	0.392674
			5	844		848	0.473934	32	23.8747	0.004174		848	0.473934	880	795.883	1.55067		848	0.473934	32	23.8747	0.320441
			6	704		713	1.27841	70	46.3897	0.014756		713	1.27841	783	663.223	1.13448		713	1.27841	70	46.3897	0.274272
			7	621		626	0.805153	174	143.485	0.034842		626	0.805153	800	584.455	0.904668		626	0.805153	174	143.485	0.201391
			8	532		546	2.63158	160	90.2884	0.030115		546	2.63158	706	462.9	0.77493		546	2.63158	160	90.2884	0.172115
			9	471		478	1.4862	94	44.4522	0.012051		478	1.4862	626	399.587	0.803449		478	1.4862	94	44.4522	0.205678
			10	424		425	0.235849	42	19.9499	0.004082		425	0.235849	467	327.986	0.754739		425	0.235849	42	19.9499	0.16785
			11	391		399	2.04604	181	114.232	0.021828		399	2.04604	580	361.657	0.614093		399	2.04604	181	114.232	0.095373
			12	358		366	2.23464	184	108.407	0.023218		366	2.23464	550	290.148	0.556267		366	2.23464	184	108.407	0.129924
			13	325		335	3.07692	147	67.2978	0.028768		335	3.07692	482	251.559	0.535352		335	3.07692	147	67.2978	0.113852
			14	311		320	2.89389	272	159.794	0.083562		320	2.89389	592	267.099	0.418225		320	2.89389	272	159.794	0.071154
			15	288		301	4.51389	307	126.305	0.02178		301	4.51389	662	280.129	0.482736		301	4.51389	307	126.305	0.090193
			16	268		274	2.23881	176	82.6559	0.029346		274	2.23881	504	219.303	0.431406		274	2.23881	176	82.6559	0.12744
			17	251		269	7.17132	365	151.7	0.02567		269	7.17132	634	264.658	0.398657		269	7.17132	365	151.7	0.031962
			18	239		251	5.02092	310	130.95	0.01188		251	5.02092	561	237.531	0.373413		251	5.02092	310	130.95	0.094868
			19	226		244	7.9646	428	220.232	0.03887		244	7.9646	672	266.244	0.386096		244	7.9646	428	220.232	0.049985
			20	220		230	4.54545	392	192.66	0.027403		230	4.54545	622	230.443	0.362304		230	4.54545	392	192.66	0.072825
			21	208		215	3.36538	307	131.883	0.028085		215	3.36538	522	181.835	0.345088		215	3.36538	307	131.883	0.094649
			22	200		207	3.5	346	130.085	0.024921		207	3.5	553	173.767	0.308771		207	3.5	346	130.085	0.091519
			23	189		194	2.6455	254	103.015	0.010194		194	2.6455	448	143.854	0.310717		194	2.6455	254	103.015	0.073347
			24	179		187	4.46927	280	101.094	0.041068		187	4.46927	521	160.147	0.314138		187	4.46927	280	101.094	0.029604
			25	172		181	5.23256	317	98.2497	0.042103		181	5.23256	552	177.341	0.270298		181	5.23256	317	98.2497	0.009352
			26	171		179	4.67836	446	155.094	0.023948		179	4.67836	625	194.409	0.259275		179	4.67836	446	155.094	0.007469

ARC111.IN2   	111	3	50133		50374	0.480721	723	527.36	0.400846		50374	0.480721	51188	nan	79.8917		50374	0.480721	723	527.36	42.5353
			4	37600		37865	0.704787	1061	753.07	0.464637		37865	0.704787	39017	37713	62.2024		37865	0.704787	1061	753.07	16.7123
			5	30080		30265	0.615027	926	544.371	0.352294		30265	0.615027	35564	30229	65.524		30265	0.615027	926	544.371	16.2491
			6	25067		25327	1.03722	1563	889.568	0.631565		25327	1.03722	26981	22659.7	46.5322		25327	1.03722	1563	889.568	11.7585
			7	21486		22266	3.63027	5463	3634.23	1.67195		22266	3.63027	27820	19957.4	38.7765		22266	3.63027	5463	3634.23	8.89375
			8	18800		19714	4.8617	7313	4900.79	1.84099		19714	4.8617	27118	18185.3	34.9845		19714	4.8617	7313	4900.79	7.66139
			9	16711		16960	1.49004	2241	1267.46	0.504517		16960	1.49004	22684	15842.4	32.8654		16960	1.49004	2241	1267.46	8.31866
			10	15040		15950	6.05053	9101	5448.97	1.83437		15950	6.05053	25051	16599.9	28.8189		15950	6.05053	9101	5448.97	6.13966
			11	13673		14199	3.847	5790	3410.53	1.05344		14199	3.847	20080	12072.7	27.7978		14199	3.847	5790	3410.53	6.23332
			12	12534		13255	5.75235	8661	3574.22	1.58021		13255	5.75235	22007	11420.4	24.7415		13255	5.75235	8661	3574.22	5.20856
			13	11570		12312	6.41314	9657	4095.63	1.52877		12312	6.41314	22991	11027.5	22.7024		12312	6.41314	9657	4095.63	4.62606
			14	10747		11447	6.51345	9859	4277.23	1.54986		11447	6.51345	25477	12795.2	20.854		11447	6.51345	9859	4277.23	4.31814
			15	10035		10840	8.02192	12201	6235.25	1.73719		10840	8.02192	26645	11966.3	19.5189		10840	8.02192	12201	6235.25	4.03153
			16	9412		10505	11.6128	17681	7958	2.4301		10505	11.6128	32154	12695.9	18.0167		10505	11.6128	17681	7958	1.58832
			17	8855		9387	6.00791	9180	3940.06	1.13234		9387	6.00791	23558	10358.7	17.6494		9387	6.00791	9180	3940.06	3.84957
			18	8376		9226	10.148	15669	5400.39	1.91565		9226	10.148	30048	10827.3	16.063		9226	10.148	15669	5400.39	0.437229
			19	7920		8510	7.44949	11291	4115.05	1.24375		8510	7.44949	25844	9176.03	15.9397		8510	7.44949	11291	4115.05	3.26064
			20	7520		8470	12.633	19001	5907.36	2.13324		8470	12.633	33514	10939.4	14.4525		8470	12.633	19001	5907.36	0.136395
			21	7181		8023	11.7254	18084	6597.06	1.97815		8023	11.7254	26198	10264.2	14.1463		8023	11.7254	18084	6597.06	2.16251
			22	6839		7591	10.9958	16603	6028.13	1.76488		7591	10.9958	25054	9784.03	13.6891		7591	10.9958	16603	6028.13	2.34
			23	6551		7272	11.006	16857	5692.68	1.79837		7272	11.006	24220	7548.07	13.209		7272	11.006	16857	5692.68	1.31443
			24	6273		6860	9.35756	14241	5524.92	1.37709		6860	9.35756	21354	7230.78	12.9538		6860	9.35756	14241	5524.92	2.50553
			25	6085		6795	11.668	19476	6741.36	1.87023		6795	11.668	26362	7774.4	12.1042		6795	11.668	19476	6741.36	0.174658
			26	5844		6637	13.5695	22163	6731.37	2.08451		6637	13.5695	29053	8981.19	11.5296		6637	13.5695	22163	6731.37	0.576563
			27	5689		6125	7.66391	14976	3889.8	1.07278		6125	7.66391	24867	7701.41	11.7444		6125	7.66391	14976	3889.8	2.38343

BARTHOL2.IN2   	148	27	157		165	5.09554	221	78.7718	0.034518		165	5.09554	386	129.7	0.491811		165	5.09554	221	78.7718	0.057949
			28	152		158	3.94737	190	71.1477	0.027295		158	3.94737	348	116.155	0.469185		158	3.94737	190	71.1477	0.071603
			29	146		156	6.84932	290	98.3768	0.053977		156	6.84932	446	143.178	0.438717		156	6.84932	290	98.3768	0.033406
			30	142		152	7.04225	326	109.499	0.052623		152	7.04225	478	140.428	0.446776		152	7.04225	326	109.499	0.02749
			31	137		144	5.10949	230	85.1234	0.026585		144	5.10949	374	104.058	0.457076		144	5.10949	230	85.1234	0.055738
			32	133		142	6.76692	310	94.1807	0.051818		142	6.76692	452	137.23	0.446489		142	6.76692	310	94.1807	0.042528
			33	129		137	6.20155	287	96.8659	0.032763		137	6.20155	424	109.845	0.407154		137	6.20155	287	96.8659	0.048337
			34	125		134	7.2	322	94.8894	0.016639		134	7.2	456	124.411	0.421676		134	7.2	322	94.8894	0.025347
			35	121		128	5.78512	246	82.8975	0.03739		128	5.78512	374	106.546	0.400518		128	5.78512	246	82.8975	0.035414
			36	118		127	7.62712	338	103.15	0.060266		127	7.62712	465	131.708	0.374903		127	7.62712	338	103.15	0.034731
			37	115		124	7.82609	354	98.6813	0.034128		124	7.82609	478	123.976	0.391532		124	7.82609	354	98.6813	0.027798
			38	112		121	8.03571	364	108.959	0.035781		121	8.03571	485	123.365	0.391985		121	8.03571	364	108.959	0.010691
			39	109		117	7.33945	329	88.1192	0.030723		117	7.33945	446	105.915	0.404394		117	7.33945	329	88.1192	0.06247
			40	106		114	7.54717	326	84.605	0.038053		114	7.54717	440	100.777	0.358368		114	7.54717	326	84.605	0.010842
			41	104		112	7.69231	358	90.7634	0.03831		112	7.69231	470	116.876	0.347828		112	7.69231	358	90.7634	0.033777
			42	101		111	9.90099	428	112.969	0.032423		111	9.90099	539	121.725	0.32711		111	9.90099	428	112.969	0.032637
			43	99		107	8.08081	367	89.0562	0.038491		107	8.08081	474	103.373	0.347089		107	8.08081	367	89.0562	0.051687
			44	97		105	8.24742	386	92.8116	0.030217		105	8.24742	491	110.032	0.340052		105	8.24742	386	92.8116	0.017353
			45	95		102	7.36842	356	79.0696	0.05705		102	7.36842	458	100.469	0.337501		102	7.36842	356	79.0696	0.037213
			46	93		101	8.60215	412	96.0417	0.029535		101	8.60215	513	110.014	0.328914		101	8.60215	412	96.0417	0.027383
			47	91		100	9.89011	466	105.47	0.052822		100	9.89011	566	122.139	0.303151		100	9.89011	466	105.47	0.034205
			48	89		99	11.236	518	117.618	0.04336		99	11.236	617	130.127	0.301534		99	11.236	518	117.618	0.034556
			49	87		97	11.4943	519	119.854	0.038914		97	11.4943	616	132.951	0.300679		97	11.4943	519	119.854	0.029576
			50	85		95	11.7647	516	114.21	0.062594		95	11.7647	611	122.593	0.300808		95	11.7647	516	114.21	0.02907
			51	84		92	9.52381	458	104.317	0.014119		92	9.52381	550	109.836	0.303401		92	9.52381	458	104.317	0.059558

BARTHOLD.IN2   	148	3	1878		1883	0.266241	15	11.7047	0.034758		1883	0.266241	1898	1806.58	5.2905		1883	0.266241	15	11.7047	2.65052
			4	1409		1410	0.0709723	6	3.74166	0.002926		1410	0.0709723	1416	1333.92	4.02749		1410	0.0709723	6	3.74166	1.00498
			5	1127		1130	0.266193	16	10.0995	0.004891		1130	0.266193	1146	1054.58	3.28498		1130	0.266193	16	10.0995	0.867156
			6	939		946	0.745474	42	34.4384	0.027932		946	0.745474	988	871.857	2.69085		946	0.745474	42	34.4384	0.699479
			7	805		818	1.61491	92	79.2843	0.058112		818	1.61491	910	754.525	2.34735		818	1.61491	92	79.2843	0.58153
			8	705		724	2.69504	158	134.283	0.069091		724	2.69504	882	664.799	2.04157		724	2.69504	158	134.283	0.513722
			9	626		635	1.4377	81	48.4871	0.019435		635	1.4377	794	576.536	1.89003		635	1.4377	81	48.4871	0.460611
			10	564		570	1.06383	66	43.909	0.020868		570	1.06383	636	499.031	1.67722		570	1.06383	66	43.909	0.4579
			11	513		520	1.36452	86	58.4294	0.025178		520	1.36452	606	449.727	1.5315		520	1.36452	86	58.4294	0.212657
			12	470		477	1.48936	90	37.229	0.022136		477	1.48936	567	405.649	1.4947		477	1.48936	90	37.229	0.18696
			13	434		451	3.91705	229	159.941	0.0425		451	3.91705	680	409.153	1.34893		451	3.91705	229	159.941	0.143254
			14	403		410	1.73697	106	60.959	0.03394		410	1.73697	594	359.358	1.25945		410	1.73697	106	60.959	0.152304
			15	383		383	0	111	44.5758	0.001118		382	-0.261097	556	331.479	1.18139		383	0	111	44.5758	0.168983

SCHOLL.IN2   	297	25	2787		2821	1.21995	870	309.877	0.44153		2821	1.21995	3691	2345.66	28.5367		2821	1.21995	870	309.877	1.51123
			26	2680		2708	1.04478	753	220.007	0.359942		2708	1.04478	3461	2204.73	27.6307		2708	1.04478	753	220.007	1.57102
			27	2580		2611	1.20155	842	208.959	0.356177		2611	1.20155	3453	2142.18	26.7651		2611	1.20155	842	208.959	1.45698
			28	2488		2535	1.88907	1325	557.598	0.547232		2535	1.88907	3860	2099.77	25.6504		2535	1.88907	1325	557.598	1.2447
			29	2402		2451	2.03997	1424	493.404	0.576357		2451	2.03997	3875	2047.55	24.904		2451	2.03997	1424	493.404	1.14523
			30	2322		2381	2.54091	1775	825.869	0.693777		2381	2.54091	4156	2008.69	24.081		2381	2.54091	1775	825.869	1.02506
			31	2247		2296	2.18069	1521	520.295	0.563392		2296	2.18069	3817	1903.35	23.4512		2296	2.18069	1521	520.295	1.06616
			32	2177		2222	2.06706	1449	450.969	0.520909		2222	2.06706	3671	1805.82	22.8473		2222	2.06706	1449	450.969	1.06864
			33	2111		2151	1.89484	1328	344.148	0.471289		2151	1.89484	3479	1731.76	22.4407		2151	1.89484	1328	344.148	1.06585
			34	2049		2079	1.46413	1031	257.8	0.35616		2079	1.46413	3110	1595.33	21.5361		2079	1.46413	1031	257.8	1.04474
			35	1991		2021	1.50678	1080	348.769	0.363256		2021	1.50678	3101	1537.69	19.5982		2021	1.50678	1080	348.769	1.01601
			36	1935		1990	2.84238	1985	679.608	0.627171		1990	2.84238	3975	1551.59	18.7668		1990	2.84238	1985	679.608	0.756806
			37	1883		1930	2.49602	1755	602.462	0.527183		1930	2.49602	3685	1441.45	18.2973		1930	2.49602	1755	602.462	0.797525
			38	1834		1880	2.50818	1785	535.689	0.508512		1888	2.94438	3977	1403.61	17.7345		1888	2.94438	2089	576.468	0.687581
			39	1787		1828	2.29435	1637	474.077	0.459532		1828	2.29435	3465	1295.97	16.5381		1828	2.29435	1637	474.077	0.71638
			40	1742		1795	3.04248	2145	605.677	0.542422		1795	3.04248	3940	1322.12	15.2439		1795	3.04248	2145	605.677	0.577139
			41	1700		1748	2.82353	2013	529.229	0.501924		1748	2.82353	3761	1195.13	13.9638		1748	2.82353	2013	529.229	0.502301
			42	1659		1702	2.59192	1829	400.019	0.409157		1702	2.59192	3531	1110.01	12.9433		1702	2.59192	1829	400.019	0.467529
			43	1621		1654	2.03578	1467	330.946	0.328702		1654	2.03578	3121	1009.92	11.3439		1654	2.03578	1467	330.946	0.529529
			44	1584		1622	2.39899	1713	376.062	0.289197		1622	2.39899	3335	992.196	11.1567		1622	2.39899	1713	376.062	0.487965
			45	1549		1585	2.32408	1670	355.812	0.309473		1585	2.32408	3255	1225.56	10.8514		1585	2.32408	1670	355.812	0.479884
			46	1515		1557	2.77228	1967	611.16	0.330963		1557	2.77228	3524	1237.55	10.6474		1557	2.77228	1967	611.16	0.421475
			47	1483		1518	2.36008	1691	537.391	0.293023		1518	2.36008	3209	1182.76	10.4529		1518	2.36008	1691	537.391	0.48417
			48	1452		1500	3.30578	2345	746.636	0.399534		1500	3.30578	3845	1241.96	10.2248		1500	3.30578	2345	746.636	0.356615
			49	1423		1479	3.93535	2816	792.906	0.478256		1479	3.93535	4295	1332.67	9.94587		1479	3.93535	2816	792.906	0.276395
			50	1394		1447	3.80201	2695	782.456	0.439765		1447	3.80201	4142	1264.03	9.86324		1447	3.80201	2695	782.456	0.285238
			51	1386		1418	2.3088	2663	696.361	0.261116		1418	2.3088	4081	1208.92	9.63447		1418	2.3088	2663	696.361	0.454363
			52	1386		1399	0.937951	3093	703.036	0.095634		1399	0.937951	4492	1219.27	9.43093		1399	0.937951	3093	703.036	0.245685

