-------------------------------------------------------------------------------------------------------------------------------------------------------------------------------------------------------

								Lower Bound					Upper Bound					Binary Search
						---------------------------------------------		---------------------------------------------		---------------------------------------------
Problem		n	m	c*		c	%dev	BD	SX	CPU(time)		c	%dev	BD	SX	CPU(time)		c	%dev	BD	SX	CPU(time)

-------------------------------------------------------------------------------------------------------------------------------------------------------------------------------------------------------
BUXEY.IN2   	29	7	47		48	2.12766	12	6.16441	0.000285		48	2.12766	60	32.187	0.003858		48	2.12766	12	6.16441	0.001087
			8	41		44	7.31707	28	11.4891	0.000423		44	7.31707	72	30.7246	0.003137		44	7.31707	28	11.4891	0.000715
			9	37		39	5.40541	27	12.8452	0.000365		39	5.40541	66	28.6705	0.005727		39	5.40541	27	12.8452	0.000704
			10	34		35	2.94118	26	11.1355	0.000364		35	2.94118	61	22.6495	0.002675		35	2.94118	26	11.1355	0.000656
			11	32		32	0	28	11.1355	0.000363		32	0	60	22.9783	0.002352		32	0	28	11.1355	0.000591
			12	28		30	7.14286	36	13.1909	0.00039		30	7.14286	66	21.8174	0.003602		30	7.14286	36	13.1909	0.000607
			13	27		28	3.7037	40	16.0624	0.000595		28	3.7037	68	22.1811	0.002809		28	3.7037	40	16.0624	0.000677
			14	25		26	4	40	13.1149	0.000226		26	4	66	19.8494	0.00204		26	4	40	13.1149	0.000647

SAWYER30.IN2   	30	7	47		48	2.12766	12	8.24621	0.000335		48	2.12766	62	42.45	0.003848		48	2.12766	12	8.24621	0.001172
			8	41		42	2.43902	12	5.65685	0.000284		42	2.43902	54	28.1425	0.004231		42	2.43902	12	5.65685	0.000915
			9	37		40	8.10811	36	18	0.000467		40	8.10811	76	42.19	0.002926		40	8.10811	36	18	0.000719
			10	34		36	5.88235	36	12.9615	0.000502		36	5.88235	72	27.7489	0.002872		36	5.88235	36	12.9615	0.000652
			11	31		34	9.67742	50	18.8149	0.000574		34	9.67742	84	37.1753	0.002542		34	9.67742	50	18.8149	0.000587
			12	28		30	7.14286	36	16.4924	0.000467		30	7.14286	66	22.8473	0.002519		30	7.14286	36	16.4924	0.000593
			13	26		28	7.69231	40	15.8745	0.000403		28	7.69231	68	22.4054	0.002634		28	7.69231	40	15.8745	0.000495
			14	25		26	4	40	13.8564	0.000221		26	4	66	23.2809	0.002097		26	4	40	13.8564	0.000646

LUTZ1.IN2   	32	8	1860		2078	11.7204	2484	1680.5	0.02571		2078	11.7204	4562	2411.13	0.125964		2078	11.7204	2484	1680.5	0.020115
			9	1638		1700	3.7851	1160	494.789	0.019625		1700	3.7851	3056	1374.39	0.182495		1700	3.7851	1160	494.789	0.043652
			10	1526		1622	6.29096	2080	1035.21	0.026592		1622	6.29096	3898	1554.7	0.163877		1622	6.29096	2080	1035.21	0.02444
			11	1400		1498	7	2338	907.13	0.026277		1498	7	3836	1598.91	0.148515		1498	7	2338	907.13	0.033706
			12	1400		1400	0	2660	1126.14	8.8e-05		1310	-6.42857	3086	1357.13	0.12914		1400	0	2660	1126.14	0.045236

GUNTHER.IN2   	35	6	84		84	0	21	13	0.005598		84	0	105	83.0482	0.007092		84	0	21	13	0.013576
			7	72		74	2.77778	35	23.6432	0.000594		74	2.77778	111	53.619	0.008108		74	2.77778	35	23.6432	0.003087
			8	63		73	15.873	101	50.3289	0.001364		73	15.873	176	67.082	0.006445		73	15.873	101	50.3289	0.000902
			9	54		56	3.7037	21	12.1244	0.001335		56	3.7037	79	32.0156	0.010428		56	3.7037	21	12.1244	0.002105
			10	50		51	2	27	12.3693	0.000482		51	2	80	30.0333	0.009984		51	2	27	12.3693	0.001167
			11	48		48	0	45	19.105	0.000623		48	0	137	51.7591	0.004881		48	0	45	19.105	0.000874
			12	44		48	9.09091	45	19.105	0.001303		48	9.09091	143	52.1057	0.003513		48	9.09091	45	19.105	0.000686
			13	42		46	9.52381	115	46.6369	0.022236		46	9.52381	163	55.5788	0.003343		46	9.52381	115	46.6369	0.000668
			14	40		42	5	105	39.9625	0.000465		42	5	149	56.6127	0.003318		42	5	105	39.9625	0.00091
			15	40		41	2.5	132	52.6308	0.000238		41	2.5	177	54.0648	0.003341		41	2.5	132	52.6308	0.000624

KILBRID.IN2   	45	3	184		185	0.543478	3	2.23607	0.000392		185	0.543478	193	180.158	0.053612		185	0.543478	3	2.23607	0.026916
			4	138		147	6.52174	36	34.0294	0.0017		147	6.52174	183	146.106	0.047389		147	6.52174	36	34.0294	0.004304
			5	111		114	2.7027	18	12.49	0.011867		114	2.7027	154	103.856	0.025413		114	2.7027	18	12.49	0.004812
			6	92		94	2.17391	12	5.47723	0.000639		94	2.17391	106	89.3085	0.020263		94	2.17391	12	5.47723	0.008419
			7	79		82	3.79747	22	14	0.002277		82	3.79747	114	72.4707	0.036348		82	3.79747	22	14	0.008585
			8	69		78	13.0435	72	44.4072	0.002584		78	13.0435	150	85.5102	0.00965		78	13.0435	72	44.4072	0.001875
			9	62		70	12.9032	78	60.5805	0.001795		70	12.9032	153	84.5754	0.009089		70	12.9032	78	60.5805	0.001547
			10	56		58	3.57143	28	16.1864	0.000756		58	3.57143	108	54.6443	0.009898		58	3.57143	28	16.1864	0.00229
			11	55		55	0	53	30.4138	0.0002		52	-5.45455	94	49.2341	0.009192		55	0	53	30.4138	0.00127

HAHN.IN2   	53	3	4787		4787	0	335	316.571	0.034913		4787	0	5122	3870.69	1.16396		4787	0	335	316.571	0.719606
			4	3677		3709	0.870275	810	702.978	0.062301		3709	0.870275	4519	3154.58	0.912817		3709	0.870275	810	702.978	0.181563
			5	2823		2889	2.33794	419	262.349	0.026784		2889	2.33794	3308	2106.22	0.719298		2889	2.33794	419	262.349	0.165158
			6	2400		2519	4.95833	1088	843.705	0.046598		2519	4.95833	3607	1950.11	0.569423		2519	4.95833	1088	843.705	0.125311
			7	2336		2416	3.42466	2886	1667.22	0.1238		2416	3.42466	5302	2531.46	0.421043		2416	3.42466	2886	1667.22	0.026712
			8	1907		1926	0.996329	1382	886.553	0.035654		1926	0.996329	3308	1952.22	0.445891		1926	0.996329	1382	886.553	0.084745
			9	1827		1827	0	2417	1561.16	0.016324		1827	0	4244	2040.83	0.344321		1827	0	2417	1561.16	0.044966
			10	1775		1775	0	3724	1729.87	0.000173		1689	-4.84507	4553	1971.94	0.305157		1775	0	3724	1729.87	0.017128

WARNECKE.IN2   	58	3	516		521	0.968992	15	11.1803	0.001191		521	0.968992	536	506.314	0.166304		521	0.968992	15	11.1803	0.090147
			4	387		393	1.55039	24	15.5563	0.001737		393	1.55039	417	343.702	0.139959		393	1.55039	24	15.5563	0.057264
			5	310		317	2.25806	37	31.225	0.012767		317	2.25806	354	303.944	0.090648		317	2.25806	37	31.225	0.020701
			6	258		264	2.32558	36	19.3391	0.00624		264	2.32558	300	250.136	0.094184		264	2.32558	36	19.3391	0.021164
			7	222		225	1.35135	27	13.8924	0.011572		225	1.35135	252	210.874	0.066409		225	1.35135	27	13.8924	0.026495
			8	194		199	2.57732	44	19.2873	0.002201		199	2.57732	243	154.832	0.122332		199	2.57732	44	19.2873	0.016414
			9	172		179	4.06977	63	32.8786	0.002169		179	4.06977	242	134.536	0.071251		179	4.06977	63	32.8786	0.017291
			10	155		163	5.16129	82	36.9594	0.002228		163	5.16129	245	152.902	0.072332		163	5.16129	82	36.9594	0.007739
			11	142		146	2.8169	58	21.3073	0.001586		146	2.8169	204	133.566	0.083432		146	2.8169	58	21.3073	0.014146
			12	130		137	5.38462	96	36.4966	0.002238		137	5.38462	233	128.464	0.06343		137	5.38462	96	36.4966	0.013502
			13	120		128	6.66667	116	41.7612	0.002497		128	6.66667	244	93.9574	0.062692		128	6.66667	116	41.7612	0.00702
			14	111		118	6.30631	104	54.2033	0.002799		118	6.30631	222	88.8594	0.039955		118	6.30631	104	54.2033	0.011178
			15	104		114	9.61539	162	67.838	0.003621		114	9.61539	276	113.737	0.064898		114	9.61539	162	67.838	0.003099
			16	98		104	6.12245	116	37.6298	0.011822		104	6.12245	220	72.0555	0.028251		104	6.12245	116	37.6298	0.004694
			17	92		95	3.26087	67	20.025	0.021298		99	7.6087	234	100.558	0.054776		99	7.6087	135	54.9818	0.005327
			18	87		94	8.04598	144	51.7107	0.014567		94	8.04598	238	77.4468	0.040238		94	8.04598	144	51.7107	0.002375
			19	84		87	3.57143	105	38.3014	0.002008		87	3.57143	192	80.075	0.033969		87	3.57143	105	38.3014	0.004765
			20	79		85	7.59494	152	42.19	0.0024		85	7.59494	237	82.4075	0.054289		85	7.59494	152	42.19	0.003117
			21	76		80	5.26316	132	40.1746	0.002171		80	5.26316	279	96.3483	0.069956		80	5.26316	132	40.1746	0.003976
			22	73		78	6.84932	168	56.8331	0.00244		78	6.84932	246	82.4257	0.01974		78	6.84932	168	56.8331	0.027923
			23	69		77	11.5942	223	79.5299	0.003599		77	11.5942	300	78.0769	0.068477		77	11.5942	223	79.5299	0.010899
			24	66		75	13.6364	252	70.1427	0.023673		75	13.6364	327	77.3111	0.038336		75	13.6364	252	70.1427	0.002395
			25	64		72	12.5	252	63.7966	0.00354		72	12.5	324	80.3368	0.044655		72	12.5	252	63.7966	0.002336
			26	64		70	9.375	272	71.9305	0.010562		70	9.375	357	85.5395	0.03878		70	9.375	272	71.9305	0.002237
			27	60		67	11.6667	261	65.9621	0.007016		67	11.6667	328	85.3229	0.029333		67	11.6667	261	65.9621	0.002029
			28	59		66	11.8644	300	81.5598	0.003582		66	11.8644	366	91.3126	0.034584		66	11.8644	300	81.5598	0.005373
			29	56		61	8.92857	221	60.7536	0.002948		61	8.92857	297	67.624	0.016484		61	8.92857	221	60.7536	0.025211

TONGE70.IN2   	70	3	1170		1173	0.25641	9	7.28011	0.001155		1173	0.25641	1182	1146.21	0.622956		1173	0.25641	9	7.28011	0.338982
			4	878		889	1.25285	46	28.3901	0.004141		889	1.25285	935	862.848	0.475681		889	1.25285	46	28.3901	0.13867
			5	702		705	0.42735	15	10.6301	0.001149		705	0.42735	720	678.351	0.398309		705	0.42735	15	10.6301	0.128009
			6	585		592	1.19658	42	24.2074	0.002363		592	1.19658	634	565.924	0.444526		592	1.19658	42	24.2074	0.114333
			7	502		512	1.99203	74	37.9473	0.04784		512	1.99203	586	486.87	0.331393		512	1.99203	74	37.9473	0.066216
			8	439		447	1.82232	66	30.0666	0.003045		447	1.82232	513	421.591	0.256495		447	1.82232	66	30.0666	0.074062
			9	391		398	1.79028	72	30.2655	0.003223		398	1.79028	470	372.781	0.244244		398	1.79028	72	30.2655	0.054296
			10	352		362	2.84091	110	55.0273	0.003743		362	2.84091	472	297.59	0.208568		362	2.84091	110	55.0273	0.056559
			11	320		329	2.8125	109	40.5093	0.004536		329	2.8125	438	270.422	0.191095		329	2.8125	109	40.5093	0.037529
			12	294		300	2.04082	90	31.0161	0.003017		300	2.04082	390	238.399	0.184162		300	2.04082	90	31.0161	0.052217
			13	271		282	4.05904	156	67.0671	0.004364		282	4.05904	438	228.075	0.174769		282	4.05904	156	67.0671	0.016291
			14	251		266	5.9761	214	76.1971	0.011759		266	5.9761	480	216.435	0.150076		266	5.9761	214	76.1971	0.036168
			15	235		244	3.82979	150	59.0085	0.015208		244	3.82979	394	186.156	0.132797		244	3.82979	150	59.0085	0.037798
			16	221		228	3.16742	138	50.8527	0.014043		228	3.16742	366	206.862	0.113465		228	3.16742	138	50.8527	0.017904
			17	208		220	5.76923	230	95.5615	0.00544		220	5.76923	450	178.544	0.122186		220	5.76923	230	95.5615	0.006181
			18	196		206	5.10204	198	84.5695	0.004195		206	5.10204	404	172.714	0.118357		206	5.10204	198	84.5695	0.039312
			19	186		202	8.60215	328	143.199	0.010011		202	8.60215	530	185.483	0.104211		202	8.60215	328	143.199	0.011471
			20	177		193	9.03955	350	109.618	0.018541		193	9.03955	561	203.335	0.099307		193	9.03955	350	109.618	0.019952
			21	170		184	8.23529	354	113.982	0.006954		184	8.23529	538	161.734	0.111023		184	8.23529	354	113.982	0.025578
			22	162		176	8.64198	362	93.0806	0.017374		176	8.64198	538	184.261	0.093647		176	8.64198	362	93.0806	0.006293
			23	156		162	3.84615	216	81.5107	0.004227		162	3.84615	378	123.742	0.100999		162	3.84615	216	81.5107	0.021324
			24	156		156	0	234	71.3442	0.00037		155	-0.641026	365	113.671	0.082277		156	0	234	71.3442	0.012437
			25	156		156	0	234	71.3442	0.000368		149	-4.48718	462	162.481	0.099615		156	0	234	71.3442	0.002164

WEE-MAG.IN2   	75	3	500		501	0.2	4	3.16228	0.001129		501	0.2	505	476.667	0.362132		501	0.2	4	3.16228	0.192058
			4	375		377	0.533333	9	5.74456	0.021169		377	0.533333	386	352.701	0.262776		377	0.533333	9	5.74456	0.067735
			5	300		302	0.666667	11	7.54983	0.001595		302	0.666667	313	277.991	0.256208		302	0.666667	11	7.54983	0.055133
			6	250		252	0.8	13	7.81025	0.001578		252	0.8	265	228.05	0.177107		252	0.8	13	7.81025	0.038454
			7	215		217	0.930233	20	11.0454	0.001961		217	0.930233	237	193.331	0.147902		217	0.930233	20	11.0454	0.055602
			8	188		192	2.12766	37	19.8746	0.003011		192	2.12766	229	169.673	0.144717		192	2.12766	37	19.8746	0.028358
			9	167		172	2.99401	49	31.257	0.002835		172	2.99401	221	150.157	0.156127		172	2.99401	49	31.257	0.016658
			10	150		152	1.33333	21	10.8167	0.001844		152	1.33333	198	133.656	0.135229		152	1.33333	21	10.8167	0.076901
			11	137		142	3.64963	63	39.3065	0.002963		142	3.64963	205	122.168	0.111673		142	3.64963	63	39.3065	0.016693
			12	125		129	3.2	49	19.0526	0.020708		129	3.2	178	108.028	0.152228		129	3.2	49	19.0526	0.022997
			13	116		119	2.58621	48	20.7364	0.012209		119	2.58621	167	98.9899	0.090019		119	2.58621	48	20.7364	0.047279
			14	108		113	4.62963	83	45.5961	0.003188		113	4.62963	221	100.742	0.104981		113	4.62963	83	45.5961	0.004556
			15	100		106	6	91	33.5112	0.003543		106	6	197	89.4707	0.095686		106	6	91	33.5112	0.013245
			16	94		98	4.25532	69	30.7409	0.006006		98	4.25532	167	77.9038	0.102542		98	4.25532	69	30.7409	0.009707
			17	89		92	3.37079	65	31.225	0.033957		92	3.37079	157	74.6659	0.063091		92	3.37079	65	31.225	0.019936
			18	84		91	8.33333	139	72.6567	0.032751		91	8.33333	230	82.6075	0.078114		91	8.33333	139	72.6567	0.00321
			19	84		87	3.57143	154	45.8258	0.004673		87	3.57143	241	79.4166	0.085141		87	3.57143	154	45.8258	0.019652
			20	77		79	2.5974	81	23.7697	0.003886		79	2.5974	160	60.9918	0.093962		79	2.5974	81	23.7697	0.016417
			21	72		75	4.16667	76	20.199	0.026822		75	4.16667	151	57.8533	0.086068		75	4.16667	76	20.199	0.004463
			22	69		72	4.34783	85	40.4104	0.002404		72	4.34783	157	57.1227	0.087283		72	4.34783	85	40.4104	0.003544
			23	66		70	6.06061	111	49.4672	0.003045		70	6.06061	181	59.3717	0.068235		70	6.06061	111	49.4672	0.003333
			24	66		68	3.0303	133	44.441	0.003425		68	3.0303	248	71.4983	0.078835		68	3.0303	133	44.441	0.004982
			25	66		68	3.0303	133	44.441	0.01358		68	3.0303	269	74.2226	0.025609		68	3.0303	133	44.441	0.002869
			26	65		67	3.07692	243	70.6895	0.00531		67	3.07692	310	77.7689	0.047793		67	3.07692	243	70.6895	0.020516
			27	63		65	3.1746	256	62.2254	0.012648		65	3.1746	392	87.2926	0.057339		65	3.1746	256	62.2254	0.003433
			28	63		65	3.1746	256	62.2254	0.021172		65	3.1746	411	89.3364	0.042149		65	3.1746	256	62.2254	0.003104
			29	63		64	1.5873	357	75.5844	0.006979		64	1.5873	421	87.2754	0.045457		62	-1.5873	361	77.9423	0.002932
			30	56		57	1.78571	211	45.111	0.004556		57	1.78571	268	58.0861	0.052191		57	1.78571	211	45.111	0.003975

ARC83.IN2   	83	3	25236		25345	0.431923	328	242.887	0.063334		25345	0.431923	25673	21967.7	17.3066		25345	0.431923	328	242.887	8.80061
			4	18927		19222	1.55862	1181	752.83	0.220507		19222	1.55862	20403	15981.3	13.1116		19222	1.55862	1181	752.83	3.37905
			5	15142		15281	0.917976	698	504.708	0.097479		15281	0.917976	15979	12087.9	12.7674		15281	0.917976	698	504.708	3.57537
			6	12620		12833	1.6878	1291	712.811	0.232525		12833	1.6878	14124	9719.22	11.8085		12833	1.6878	1291	712.811	3.01729
			7	10826		11249	3.90726	3036	1752.91	0.466724		11249	3.90726	14285	8366.46	10.2248		11249	3.90726	3036	1752.91	2.33095
			8	9554		9686	1.38162	1781	867.474	0.258871		9686	1.38162	11467	7087.04	9.61803		9686	1.38162	1781	867.474	2.13725
			9	8499		8731	2.72973	2872	1241.51	0.335205		8731	2.72973	11603	6226.25	7.67651		8731	2.72973	2872	1241.51	1.79471
			10	7580		7827	3.25858	2563	1058.99	0.222796		7827	3.25858	10390	5643.71	7.09782		7827	3.25858	2563	1058.99	1.58777
			11	7084		7167	1.17165	3130	1329.46	0.297787		7167	1.17165	10297	4521.4	6.61142		7167	1.17165	3130	1329.46	1.47797
			12	6412		6859	6.9713	6601	3547.22	0.559336		6859	6.9713	13460	5710.29	5.76482		6859	6.9713	6601	3547.22	1.10647
			13	5864		6281	7.11119	5946	2221.73	0.493899		6281	7.11119	12227	4884.64	5.49718		6281	7.11119	5946	2221.73	1.33868
			14	5441		5708	4.90719	4205	1402.87	0.333632		5708	4.90719	9913	3842.96	5.27151		5708	4.90719	4205	1402.87	1.13977
			15	5104		5355	4.91771	4618	1421.55	0.309592		5355	4.91771	9973	3189.75	5.01617		5355	4.91771	4618	1421.55	1.06364
			16	4850		4991	2.90722	4149	1637.42	0.286503		4991	2.90722	9140	4242.01	4.91046		4991	2.90722	4149	1637.42	1.02365
			17	4516		4765	5.51373	5298	1889.52	0.336615		4765	5.51373	10063	4137.75	4.32276		4765	5.51373	5298	1889.52	0.324387
			18	4317		4642	7.52838	7849	3365.77	0.542724		4642	7.52838	12491	4337.53	4.26155		4642	7.52838	7849	3365.77	0.463046
			19	4068		4438	9.09538	8615	3218.7	0.582273		4438	9.09538	13053	4515.68	4.03133		4438	9.09538	8615	3218.7	0.337948
			20	3882		4086	5.25502	6013	2019.76	0.336977		4086	5.25502	10099	3587.73	3.86104		4086	5.25502	6013	2019.76	0.794071
			21	3691		3921	6.23137	6634	1760.35	0.284176		3921	6.23137	10555	3198.93	3.87141		3921	6.23137	6634	1760.35	0.25994
			22	3691		3691	0	5495	1727.74	0.000363		3682	-0.243836	8979	3337.86	3.61895		3691	0	5495	1727.74	0.502191

LUTZ2.IN2   	89	9	54		56	3.7037	19	8.544	0.001685		56	3.7037	75	48.2183	0.036443		56	3.7037	19	8.544	0.004851
			10	49		51	4.08163	25	12.2066	0.002783		51	4.08163	76	44.0681	0.063772		51	4.08163	25	12.2066	0.004407
			11	45		47	4.44444	32	16.6733	0.003297		47	4.44444	79	40.4846	0.061111		47	4.44444	32	16.6733	0.005536
			12	41		42	2.43902	19	7.68115	0.001066		42	2.43902	61	34.5109	0.052918		42	2.43902	19	7.68115	0.015124
			13	38		39	2.63158	22	9.27362	0.021667		39	2.63158	61	31.6702	0.048871		39	2.63158	22	9.27362	0.00387
			14	35		38	8.57143	47	29.9166	0.002103		38	8.57143	85	33.5112	0.05616		38	8.57143	47	29.9166	0.022346
			15	33		35	6.06061	40	14.8324	0.012099		35	6.06061	75	29.95	0.02998		35	6.06061	40	14.8324	0.003402
			16	31		32	3.22581	27	10.3441	0.001197		32	3.22581	76	28.1425	0.047022		32	3.22581	27	10.3441	0.003115
			17	29		31	6.89655	42	12.8062	0.001793		31	6.89655	82	28.2489	0.044139		31	6.89655	42	12.8062	0.001945
			18	28		29	3.57143	37	11.5326	0.001646		29	3.57143	75	25.7099	0.033115		29	3.57143	37	11.5326	0.036491
			19	26		28	7.69231	47	15.843	0.023799		28	7.69231	84	26.4575	0.027154		28	7.69231	47	15.843	0.001876
			20	25		27	8	55	17.0587	0.001563		27	8	82	24.5764	0.03546		27	8	55	17.0587	0.002039
			21	24		25	4.16667	40	12.3288	0.001489		25	4.16667	97	27.1846	0.009111		25	4.16667	40	12.3288	0.002606
			22	23		25	8.69565	40	12.3288	0.001611		25	8.69565	99	26.1343	0.057565		25	8.69565	40	12.3288	0.001605
			23	22		24	9.09091	67	17.3494	0.002025		24	9.09091	91	24.1039	0.036602		24	9.09091	67	17.3494	0.002409
			24	21		23	9.52381	67	20.567	0.00169		23	9.52381	99	25.318	0.007836		23	9.52381	67	20.567	0.012554
			25	20		22	10	65	17.2337	0.001947		22	10	96	23.4094	0.007107		22	10	65	17.2337	0.046085
			26	19		21	10.5263	61	15.1327	0.022489		21	10.5263	91	21.7025	0.006995		21	10.5263	61	15.1327	0.002021
			27	19		20	5.26316	55	13.4536	0.023871		20	5.26316	92	22.1811	0.017221		20	5.26316	55	13.4536	0.002057
			28	18		20	11.1111	55	13.4536	0.001651		20	11.1111	95	22.0227	0.023418		19	5.55556	66	18	0.001626

LUTZ3.IN2   	89	3	548		554	1.09489	18	16.1245	0.002411		554	1.09489	602	544.525	0.505942		554	1.09489	18	16.1245	0.142347
			4	411		418	1.70316	28	17.1464	0.002716		418	1.70316	446	400.764	0.373156		418	1.70316	28	17.1464	0.101343
			5	329		341	3.64742	61	37.7227	0.00477		341	3.64742	402	325.693	0.302891		341	3.64742	61	37.7227	0.052727
			6	275		279	1.45455	30	17.0294	0.001896		279	1.45455	339	272.244	0.306542		279	1.45455	30	17.0294	0.074809
			7	236		241	2.11864	43	21.3307	0.022587		241	2.11864	284	224.927	0.221215		241	2.11864	43	21.3307	0.063109
			8	207		216	4.34783	84	44.8107	0.004935		216	4.34783	300	202.633	0.218108		216	4.34783	84	44.8107	0.05692
			9	184		194	5.43478	102	62.8013	0.004145		194	5.43478	338	180.211	0.178548		194	5.43478	102	62.8013	0.044326
			10	165		176	6.66667	116	51.3225	0.004458		176	6.66667	292	166.907	0.162489		176	6.66667	116	51.3225	0.013836
			11	151		163	7.94702	149	95.1262	0.045361		163	7.94702	312	159.744	0.127055		163	7.94702	149	95.1262	0.010635
			12	138		148	7.24638	132	65.1767	0.004304		148	7.24638	280	142.702	0.183359		148	7.24638	132	65.1767	0.032724
			13	128		130	1.5625	46	18	0.001727		136	6.25	278	135.765	0.106378		136	6.25	124	54.1295	0.041269
			14	118		128	8.47458	148	55.6237	0.019209		128	8.47458	276	126.602	0.088535		128	8.47458	148	55.6237	0.003392
			15	110		117	6.36364	111	43.5086	0.004041		117	6.36364	318	127.216	0.125685		117	6.36364	111	43.5086	0.008302
			16	105		111	5.71429	132	44.6318	0.003509		111	5.71429	261	111.467	0.090348		111	5.71429	132	44.6318	0.017679
			17	98		106	8.16327	158	69.1086	0.003737		106	8.16327	294	110.932	0.121157		106	8.16327	158	69.1086	0.006474
			18	93		103	10.7527	210	73.2666	0.00506		103	10.7527	331	118.916	0.085207		103	10.7527	210	73.2666	0.046426
			19	89		100	12.3596	256	80.6598	0.006013		100	12.3596	386	116.936	0.077855		100	12.3596	256	80.6598	0.004014
			20	85		92	8.23529	196	58.8727	0.003941		92	8.23529	347	97.0721	0.084937		92	8.23529	196	58.8727	0.006172
			21	80		90	12.5	246	66.9179	0.021648		90	12.5	336	99.8098	0.078672		90	12.5	246	66.9179	0.002707
			22	76		88	15.7895	292	92.9516	0.030542		88	15.7895	380	108.065	0.04666		88	15.7895	292	92.9516	0.003041
			23	74		82	10.8108	242	68.5274	0.032619		82	10.8108	354	100.06	0.085088		82	10.8108	242	68.5274	0.004588

MUKHERJE.IN2   	94	3	1403		1405	0.142552	7	5.38516	0.0204		1405	0.142552	1412	1352.09	2.14084		1405	0.142552	7	5.38516	1.07613
			4	1052		1055	0.285171	12	8.94427	0.002156		1055	0.285171	1067	1002.3	1.74362		1055	0.285171	12	8.94427	0.407428
			5	844		844	0	12	9.27362	0.002414		844	0	856	744.361	1.42059		844	0	12	9.27362	0.376797
			6	704		705	0.142045	22	14.2127	0.003038		705	0.142045	727	653.736	1.15339		705	0.142045	22	14.2127	0.372989
			7	621		627	0.966184	181	145.661	0.038314		627	0.966184	808	590.051	1.05961		627	0.966184	181	145.661	0.214504
			8	532		536	0.75188	80	56.5862	0.007858		536	0.75188	616	451.127	0.898909		536	0.75188	80	56.5862	0.272367
			9	471		474	0.636943	58	33.0454	0.005046		474	0.636943	532	423.726	0.869716		474	0.636943	58	33.0454	0.244215
			10	424		424	0	32	19.9499	0.002958		424	0	456	372.567	0.779871		424	0	32	19.9499	0.245793
			11	391		393	0.511509	115	88.6172	0.031158		393	0.511509	508	348.284	0.77009		393	0.511509	115	88.6172	0.062922
			12	358		364	1.67598	160	102.869	0.04014		364	1.67598	524	287.892	0.810818		364	1.67598	160	102.869	0.064531
			13	325		330	1.53846	82	32.8938	0.005727		330	1.53846	412	245.634	0.613458		330	1.53846	82	32.8938	0.180328
			14	311		315	1.28617	202	135.912	0.025527		315	1.28617	571	267.737	0.584974		315	1.28617	202	135.912	0.057717
			15	288		295	2.43056	217	104.848	0.031119		295	2.43056	566	259.326	0.460843		295	2.43056	217	104.848	0.12709
			16	268		272	1.49254	144	69.1809	0.00653		272	1.49254	416	234.981	0.481813		272	1.49254	144	69.1809	0.051744
			17	251		262	4.38247	246	107.406	0.011335		262	4.38247	508	242.173	0.456791		262	4.38247	246	107.406	0.026457
			18	239		244	2.09205	184	79.5362	0.038542		244	2.09205	428	206.485	0.37475		244	2.09205	184	79.5362	0.138753
			19	226		238	5.30973	314	122.287	0.029744		238	5.30973	552	232.753	0.395224		238	5.30973	314	122.287	0.030163
			20	220		224	1.81818	272	173.28	0.01707		224	1.81818	496	208.816	0.451237		224	1.81818	272	173.28	0.097039
			21	208		214	2.88462	286	130.553	0.029465		214	2.88462	500	178.471	0.443707		214	2.88462	286	130.553	0.04976
			22	200		206	3	324	125.332	0.03324		206	3	530	180.117	0.376304		206	3	324	125.332	0.033039
			23	189		192	1.5873	208	97.7036	0.040822		192	1.5873	400	136.572	0.41755		192	1.5873	208	97.7036	0.046016
			24	179		186	3.91061	256	87.2009	0.04191		186	3.91061	496	177.178	0.358285		186	3.91061	256	87.2009	0.033679
			25	172		179	4.06977	267	91.0549	0.006632		179	4.06977	446	161.87	0.318684		179	4.06977	267	91.0549	0.04203
			26	171		177	3.50877	394	154.467	0.020783		177	3.50877	571	197.304	0.29858		177	3.50877	394	154.467	0.024777

ARC111.IN2   	111	3	50133		50175	0.0837772	126	98.0816	0.106441		50175	0.0837772	50301	nan	104.219		50175	0.0837772	126	98.0816	56.2895
			4	37600		37782	0.484043	729	512.645	0.378796		37782	0.484043	38511	37694.6	88.8851		37782	0.484043	729	512.645	26.1334
			5	30080		30157	0.255984	386	278.086	0.249544		30157	0.255984	30543	30068.4	71.5095		30157	0.255984	386	278.086	17.7955
			6	25067		25123	0.223401	339	237.055	0.152189		25123	0.223401	25715	24964.9	58.7313		25123	0.223401	339	237.055	15.0801
			7	21486		21534	0.223401	339	238.72	0.10671		21534	0.223401	21873	21444.5	50.93		21534	0.223401	339	238.72	13.5711
			8	18800		18902	0.542553	817	521.574	0.275317		18902	0.542553	19719	18817.7	46.616		18902	0.542553	817	521.574	12.0966
			9	16711		16773	0.371013	558	310.123	0.168594		16773	0.371013	17584	16660.2	41.5428		16773	0.371013	558	310.123	10.6077
			10	15040		15104	0.425532	641	326.308	0.176752		15104	0.425532	16119	14962	37.2362		15104	0.425532	641	326.308	4.89338
			11	13673		13754	0.592408	895	431.897	0.217507		13784	0.811819	15100	13640.1	34.4895		13784	0.811819	1225	896.145	4.17016
			12	12534		12610	0.606351	921	491.924	0.255935		12610	0.606351	13784	12462.3	31.558		12610	0.606351	921	491.924	4.02158
			13	11570		11680	0.950735	1441	686.977	0.308975		11731	1.39153	14088	11658.2	29.0746		11731	1.39153	2104	1022.05	3.42808
			14	10747		10937	1.76794	2719	1206.02	0.583929		10937	1.76794	13656	10912.8	27.3621		10937	1.76794	2719	1206.02	3.16758
			15	10035		10169	1.33533	2136	1012.95	0.4116		10169	1.33533	12305	10121.9	25.6991		10169	1.33533	2136	1012.95	3.05936
			16	9412		9612	2.12495	3393	1192.96	0.640459		9612	2.12495	13258	9576.45	24.1131		9612	2.12495	3393	1192.96	2.75731
			17	8855		9029	1.96499	3094	1058.93	0.517839		9029	1.96499	12376	9006.14	22.9154		9029	1.96499	3094	1058.93	2.65713
			18	8376		8483	1.27746	2295	840.245	0.359118		8483	1.27746	10869	8369.04	22.054		8483	1.27746	2295	840.245	2.64405
			19	7920		8073	1.93182	2988	1036.67	0.43312		8073	1.93182	11152	7994.55	21.1164		8073	1.93182	2988	1036.67	2.45597
			20	7520		7810	3.85638	5801	2252.54	0.84802		7810	3.85638	13702	7975.49	19.8799		7810	3.85638	5801	2252.54	1.88799
			21	7181		7404	3.10542	5085	1707.02	0.653859		7404	3.10542	12580	5359.41	18.9569		7404	3.10542	5085	1707.02	1.95614
			22	6839		6974	1.97397	3029	873.298	0.376625		6974	1.97397	10256	6922.49	18.5365		6974	1.97397	3029	873.298	2.0728
			23	6551		6713	2.4729	4000	1270.85	0.527451		6713	2.4729	10804	6688.63	17.7177		6713	2.4729	4000	1270.85	1.93043
			24	6273		6458	2.94915	4593	1306.52	0.580259		6458	2.94915	11051	6500.3	17.0574		6458	2.94915	4593	1306.52	1.81029
			25	6085		6136	0.838127	3001	1003.76	0.347453		6146	1.00247	9397	6147.71	16.6344		6146	1.00247	3251	1060.46	1.87789
			26	5844		6049	3.50787	6875	2221.9	0.82485		6049	3.50787	13015	4828.25	15.6633		6049	3.50787	6875	2221.9	0.350821
			27	5689		5775	1.51169	5526	1876.33	0.254731		5795	1.86324	11952	4432.75	15.3147		5795	1.86324	6066	2119.16	1.80487

BARTHOL2.IN2   	148	27	157		160	1.91083	86	21.3542	0.00905		160	1.91083	246	91.433	0.599943		160	1.91083	86	21.3542	0.055809
			28	152		156	2.63158	134	35.9166	0.027012		156	2.63158	290	97.0361	0.522607		156	2.63158	134	35.9166	0.060553
			29	146		155	6.16438	261	94.1541	0.03719		155	6.16438	416	129.861	0.551872		155	6.16438	261	94.1541	0.027798
			30	142		148	4.22535	206	78.1921	0.031795		148	4.22535	354	115.265	0.520783		148	4.22535	206	78.1921	0.049235
			31	137		145	5.83942	261	100.235	0.037809		145	5.83942	406	122.066	0.532419		145	5.83942	261	100.235	0.059396
			32	133		141	6.01504	278	96.6023	0.013931		141	6.01504	419	130.365	0.514506		141	6.01504	278	96.6023	0.056536
			33	129		137	6.20155	287	94.2497	0.035546		137	6.20155	424	128.592	0.494503		137	6.20155	287	94.2497	0.035071
			34	125		131	4.8	220	79.8624	0.011787		131	4.8	351	108.337	0.483856		131	4.8	220	79.8624	0.031527
			35	121		129	6.61157	281	84.3623	0.035217		129	6.61157	410	114.132	0.444161		129	6.61157	281	84.3623	0.018192
			36	118		128	8.47458	374	110.644	0.051936		128	8.47458	502	139.7	0.418112		128	8.47458	374	110.644	0.029715
			37	115		124	7.82609	354	104.566	0.056356		124	7.82609	478	133.394	0.409293		124	7.82609	354	104.566	0.046686
			38	112		120	7.14286	326	92.6391	0.035182		120	7.14286	446	120.665	0.401521		120	7.14286	326	92.6391	0.044926
			39	109		117	7.33945	329	91.1208	0.036602		117	7.33945	446	120.3	0.402538		117	7.33945	329	91.1208	0.018662
			40	106		115	8.49057	366	108.139	0.048233		115	8.49057	481	118.131	0.40838		115	8.49057	366	108.139	0.025921
			41	104		112	7.69231	358	94.7629	0.038423		112	7.69231	470	108.342	0.381482		112	7.69231	358	94.7629	0.042654
			42	101		108	6.93069	302	75.7232	0.027102		108	6.93069	410	88.193	0.394422		108	6.93069	302	75.7232	0.050551
			43	99		106	7.07071	324	76.4722	0.035188		106	7.07071	430	87.2468	0.37455		106	7.07071	324	76.4722	0.026178
			44	97		103	6.18557	298	75.5116	0.066212		103	6.18557	479	103.039	0.360061		103	6.18557	298	75.5116	0.034946
			45	95		103	8.42105	298	75.5116	0.030705		103	8.42105	504	106.028	0.366109		103	8.42105	298	75.5116	0.02672
			46	93		102	9.67742	458	101.39	0.040047		102	9.67742	560	119.867	0.353338		102	9.67742	458	101.39	0.039114
			47	91		99	8.79121	419	103.639	0.055811		99	8.79121	518	104.355	0.306412		99	8.79121	419	103.639	0.089815
			48	89		96	7.86517	374	73.973	0.045103		96	7.86517	470	94.0638	0.338775		96	7.86517	374	73.973	0.046445
			49	87		95	9.1954	421	89.202	0.031828		95	9.1954	516	95.2785	0.328484		95	9.1954	421	89.202	0.010313
			50	85		92	8.23529	366	78.1281	0.034496		92	8.23529	458	91.9891	0.342045		92	8.23529	366	78.1281	0.053189
			51	84		90	7.14286	356	67.8675	0.039718		90	7.14286	446	88.0795	0.317359		90	7.14286	356	67.8675	0.039275

BARTHOLD.IN2   	148	3	1878		1881	0.159744	9	6.7082	0.004899		1881	0.159744	1890	1804.43	6.02426		1881	0.159744	9	6.7082	3.00174
			4	1409		1411	0.141945	10	6.48074	0.022418		1411	0.141945	1421	1335.24	4.50243		1411	0.141945	10	6.48074	1.11251
			5	1127		1130	0.266193	16	9.89949	0.043464		1130	0.266193	1146	1054.13	3.65528		1130	0.266193	16	9.89949	0.953251
			6	939		944	0.532481	30	22.7156	0.024176		944	0.532481	974	869.565	3.07501		944	0.532481	30	22.7156	0.784206
			7	805		808	0.372671	22	10.2956	0.005755		808	0.372671	830	734.123	2.66222		808	0.372671	22	10.2956	0.694508
			8	705		711	0.851064	54	31.4006	0.039558		711	0.851064	765	638.19	2.33972		711	0.851064	54	31.4006	0.557404
			9	626		630	0.638978	36	15.4272	0.006002		630	0.638978	666	557.414	2.14019		630	0.638978	36	15.4272	0.532636
			10	564		568	0.70922	46	17.2627	0.026027		568	0.70922	614	496.463	1.93145		568	0.70922	46	17.2627	0.246233
			11	513		515	0.389864	31	16.1555	0.005116		515	0.389864	546	441.805	1.765		515	0.389864	31	16.1555	0.22913
			12	470		473	0.638298	42	17.8326	0.019231		473	0.638298	515	403.022	1.6284		473	0.638298	42	17.8326	0.218081
			13	434		437	0.691244	47	19.6214	0.006233		437	0.691244	484	366.027	1.51341		437	0.691244	47	19.6214	0.204821
			14	403		407	0.992556	64	22.9347	0.024573		407	0.992556	471	338.223	1.43084		407	0.992556	64	22.9347	0.166387
			15	383		383	0	111	45.31	0.001326		379	-1.04439	430	308.778	1.34986		383	0	111	45.31	0.164293

SCHOLL.IN2   	297	25	2787		2834	1.6864	1195	395.966	0.498518		2834	1.6864	4029	2376.72	28.2292		2834	1.6864	1195	395.966	1.42552
			26	2680		2715	1.30597	935	265.441	0.400178		2715	1.30597	3650	2216.72	27.1545		2715	1.30597	935	265.441	1.3716
			27	2580		2610	1.16279	815	209.464	0.348648		2610	1.16279	3425	2141.41	24.4309		2610	1.16279	815	209.464	1.32211
			28	2488		2539	2.04984	1437	571.912	0.531703		2539	2.04984	3976	2118.88	23.0853		2539	2.04984	1437	571.912	1.08641
			29	2402		2451	2.03997	1424	516.931	0.509739		2451	2.03997	3875	2053.35	22.4185		2451	2.03997	1424	516.931	1.02697
			30	2322		2381	2.54091	1775	829.482	0.612908		2381	2.54091	4156	1979.36	20.6246		2381	2.54091	1775	829.482	0.803271
			31	2247		2306	2.62572	1831	547.687	0.553419		2306	2.62572	4137	1927.16	18.894		2306	2.62572	1831	547.687	0.793305
			32	2177		2223	2.113	1481	429.438	0.41893		2223	2.113	3704	1795.8	16.7		2223	2.113	1481	429.438	0.746972
			33	2111		2159	2.2738	1592	386.774	0.400332		2159	2.2738	3751	1736.49	14.6642		2159	2.2738	1592	386.774	0.611747
			34	2049		2088	1.90337	1337	302.068	0.280449		2088	1.90337	3425	1653.74	13.8045		2088	1.90337	1337	302.068	0.66162
			35	1991		2019	1.40633	1010	259.592	0.235817		2026	1.75791	3281	1591.52	13.3031		2026	1.75791	1255	281.601	0.652606
			36	1935		1988	2.73902	1913	675.481	0.403463		1988	2.73902	3901	1537.99	12.8733		1988	2.73902	1913	675.481	0.50944
			37	1883		1943	3.1864	2236	724.799	0.460328		1949	3.50505	4407	1521.47	12.4677		1949	3.50505	2458	768.951	0.402941
			38	1834		1885	2.78081	1975	586.553	0.383668		1892	3.16249	4133	1276.04	12.2472		1892	3.16249	2241	750.193	0.454702
			39	1787		1836	2.74203	1949	512.448	0.382886		1836	2.74203	3785	1323.5	12.0085		1836	2.74203	1949	512.448	0.469669
			40	1742		1804	3.55913	2505	646.194	0.484854		1804	3.55913	4309	1335.35	11.6445		1804	3.55913	2505	646.194	0.362585
			41	1700		1756	3.29412	2341	574.13	0.461395		1759	3.47059	4223	1268.28	10.9678		1759	3.47059	2464	586.853	0.984268
			42	1659		1710	3.07414	2165	541.388	0.344526		1710	3.07414	3875	1130.59	9.64505		1710	3.07414	2165	541.388	0.365564
			43	1621		1662	2.5293	1811	446.08	0.291234		1662	2.5293	3473	1090.26	8.49674		1662	2.5293	1811	446.08	0.325937
			44	1584		1624	2.52525	1801	330.677	0.219865		1624	2.52525	3425	1002.41	7.76924		1624	2.52525	1801	330.677	0.336069
			45	1549		1591	2.71143	1940	391.272	0.235952		1594	2.9051	3669	993.76	7.61549		1594	2.9051	2075	437.732	0.286693
			46	1515		1567	3.43234	2427	639.305	0.294674		1567	3.43234	3994	1280.26	7.39158		1567	3.43234	2427	639.305	0.265089
			47	1483		1536	3.57384	2537	649.762	0.297505		1536	3.57384	4073	1272.33	7.29244		1536	3.57384	2537	649.762	0.235894
			48	1452		1507	3.78788	2681	668.898	0.300377		1507	3.78788	4188	1275.53	7.14373		1507	3.78788	2681	668.898	0.21333
			49	1423		1482	4.14617	2963	867.455	0.34223		1489	4.63809	4795	1383.64	6.91015		1489	4.63809	3306	902.5	0.138521
			50	1394		1460	4.73458	3345	865.779	0.367586		1460	4.73458	4805	1347.59	6.81577		1460	4.73458	3345	865.779	0.419108
			51	1386		1429	3.10245	3224	796.777	0.236978		1442	4.0404	5329	1358.88	6.62129		1442	4.0404	3887	1166.95	0.185209
			52	1386		1399	0.937951	3093	757.698	0.078351		1399	0.937951	4492	1206.07	6.62113		1399	0.937951	3093	757.698	0.381657

