----------------------------------------------------------------------------------------------------------------------------
Problem		n	m	c*		c	%dev	BD	SX	CPU(time)		c	%dev	BD	SX	CPU(time)		c	%dev	BD	SX	CPU(time)
----------------------------------------------------------------------------------------------------------------------------
BUXEY.IN2	29	7	47	49	4.25532	19	15.3297	0.000494	51	8.51064	84	42.5911	0.00555	51	8.51064	33	24.4336	0.001589
			8	41	43	4.87805	20	11.1355	0.000575	43	4.87805	83	44.3509	0.004731	43	4.87805	20	11.1355	0.00125
			9	37	38	2.7027	18	8	0.000424	38	2.7027	56	26.1916	0.005089	38	2.7027	18	8	0.001666
			10	34	35	2.94118	26	10.2956	0.000438	35	2.94118	61	23.7276	0.004133	35	2.94118	26	10.2956	0.0015
			11	32	34	6.25	50	21.2603	0.000956	34	6.25	84	36.2215	0.004208	34	6.25	50	21.2603	0.000721
			12	28	30	7.14286	36	15.2971	0.000569	32	14.2857	92	32.619	0.00304	32	14.2857	60	25.923	0.000696
			13	27	28	3.7037	40	13.8564	0.000523	28	3.7037	68	23.5372	0.002562	28	3.7037	40	13.8564	0.000569
			14	25	26	4	40	15.8114	0.000261	26	4	66	19.8494	0.003499	26	4	40	15.8114	0.001063

GUNTHER.IN2	35	6	84	87	3.57143	39	32.2335	0.001141	87	3.57143	128	59.0254	0.012346	87	3.57143	39	32.2335	0.0032
			7	72	73	1.38889	28	21.4942	0.000698	73	1.38889	103	49.97	0.010812	73	1.38889	28	21.4942	0.002424
			8	63	67	6.34921	53	29.7489	0.001076	67	6.34921	122	51.923	0.008937	67	6.34921	53	29.7489	0.001417
			9	54	57	5.55556	30	15.0997	0.001032	57	5.55556	89	32.5115	0.010504	57	5.55556	30	15.0997	0.002435
			10	50	51	2	27	13.5277	0.000765	51	2	80	27.8209	0.008289	51	2	27	13.5277	0.002527
			11	48	48	0	45	19.105	0.001721	48	0	95	36.3731	0.008976	48	0	45	19.105	0.001694
			12	44	44	0	45	21.4243	0.001106	44	0	91	33.2415	0.006161	44	0	45	21.4243	0.001352
			13	42	42	0	63	29.3087	0.000782	42	0	109	39.128	0.007688	42	0	63	29.3087	0.002524
			14	40	42	5	63	29.3087	0.000667	42	5	149	55.9553	0.006157	41	2.5	132	51.923	0.001023
			15	40	40	0	117	47.7807	0.000185	39	-2.5	141	57.7495	0.005725	40	0	117	47.7807	0.000849

HAHN.IN2	53	3	4787	4940	3.19616	794	659.007	0.070172	4940	3.19616	5734	4076.75	1.09232	4940	3.19616	794	659.007	0.507848
			4	3677	3808	3.56269	1206	847.534	0.072519	3808	3.56269	5014	3265.16	0.773248	3808	3.56269	1206	847.534	0.151366
			5	2823	2830	0.247963	124	62.9444	0.00636	2830	0.247963	2954	2055.78	0.683043	2830	0.247963	124	62.9444	0.178964
			6	2400	2478	3.25	842	517.426	0.040541	2478	3.25	3320	1851.28	0.537215	2478	3.25	842	517.426	0.132643
			7	2336	2400	2.73973	2774	1783.32	0.107479	2400	2.73973	5174	2452.77	0.397274	2400	2.73973	2774	1783.32	0.030533
			8	1907	2015	5.66335	2094	1247.09	0.067201	2015	5.66335	4109	2167.01	0.375515	2015	5.66335	2094	1247.09	0.055731
			9	1827	1827	0	2417	1164.45	0.014261	1827	0	4244	1756.06	0.342914	1827	0	2417	1164.45	0.079278
			10	1775	1792	0.957747	3894	1662.82	0.004942	1792	0.957747	5686	2275.22	0.28422	1792	0.957747	3894	1662.82	0.015226

