-------------------------------------------------------------------------------------------------------------------------------------------------------------------------------------------------------

								Lower Bound					Upper Bound					Binary Search
						---------------------------------------------		---------------------------------------------		---------------------------------------------
Problem		n	m	c*		c	%dev	BD	SX	CPU(time)		c	%dev	BD	SX	CPU(time)		c	%dev	BD	SX	CPU(time)

-------------------------------------------------------------------------------------------------------------------------------------------------------------------------------------------------------
BUXEY.IN2   	29	7	47		52	10.6383	40	21.2132	0.000474		52	10.6383	92	42.4735	0.002548		52	10.6383	40	21.2132	0.000516
			8	41		44	7.31707	28	14	0.000345		44	7.31707	92	43.7035	0.002347		44	7.31707	28	14	0.000545
			9	37		41	10.8108	45	21.8861	0.000406		41	10.8108	106	47.1169	0.002012		41	10.8108	45	21.8861	0.000484
			10	34		38	11.7647	56	25.6905	0.000695		38	11.7647	114	42.0951	0.002		38	11.7647	56	25.6905	0.000394
			11	32		34	6.25	50	21.0713	0.000424		34	6.25	84	32.249	0.001681		34	6.25	50	21.0713	0.00037
			12	28		32	14.2857	60	26.4197	0.000496		32	14.2857	92	29.5973	0.001582		32	14.2857	60	26.4197	0.000374
			13	27		30	11.1111	66	23.1948	0.000446		30	11.1111	96	29.9333	0.001493		29	7.40741	82	26.7955	0.000392
			14	25		28	12	68	23.8328	0.000305		28	12	96	28	0.002288		28	12	68	23.8328	0.000458

SAWYER30.IN2   	30	7	47		50	6.38298	26	17.1464	0.000348		50	6.38298	78	39.7492	0.002705		50	6.38298	26	17.1464	0.000807
			8	41		47	14.6341	52	32.4962	0.00058		47	14.6341	99	53.0566	0.002244		47	14.6341	52	32.4962	0.00044
			9	37		42	13.5135	54	29.4279	0.000679		42	13.5135	98	39.6485	0.002348		42	13.5135	54	29.4279	0.000533
			10	34		35	2.94118	26	13.6382	0.00034		35	2.94118	84	28.9828	0.002533		35	2.94118	26	13.6382	0.00059
			11	31		35	12.9032	26	13.6382	0.001151		35	12.9032	98	34.4964	0.001955		34	9.67742	84	30.4959	0.000435
			12	28		32	14.2857	60	25.0599	0.000644		32	14.2857	108	37.0405	0.007422		32	14.2857	60	25.0599	0.000395
			13	26		30	15.3846	66	22.2261	0.000759		30	15.3846	112	36.8511	0.002572		29	11.5385	82	26.4575	0.000482
			14	25		26	4	40	17.2627	0.000288		26	4	89	29.2062	0.001699		26	4	40	17.2627	0.000518

LUTZ1.IN2   	32	8	1860		1898	2.04301	1044	503.222	0.012584		1898	2.04301	3634	1732.53	0.15798		1898	2.04301	1044	503.222	0.03472
			9	1638		1676	2.3199	944	395.576	0.019768		1676	2.3199	2620	1551.23	0.136497		1676	2.3199	944	395.576	0.031785
			10	1526		1606	5.24246	1920	787.589	0.02304		1606	5.24246	3722	1591.11	0.125249		1606	5.24246	1920	787.589	0.007646
			11	1400		1472	5.14286	2052	913.678	0.007622		1472	5.14286	3524	1581.58	0.129473		1472	5.14286	2052	913.678	0.033677
			12	1400		1400	0	2660	1310.69	0.000112		1322	-5.57143	3046	1383.09	0.113011		1400	0	2660	1310.69	0.015563

GUNTHER.IN2   	35	6	84		87	3.57143	39	20.025	0.00072		87	3.57143	128	58.6174	0.013159		87	3.57143	39	20.025	0.001267
			7	72		77	6.94444	56	37.1753	0.000762		77	6.94444	135	61.9112	0.013097		77	6.94444	56	37.1753	0.001014
			8	63		69	9.52381	69	38.3275	0.000926		69	9.52381	140	54.4426	0.008084		69	9.52381	69	38.3275	0.000892
			9	54		61	12.963	66	30.7246	0.000854		61	12.963	129	49.8899	0.004722		61	12.963	66	30.7246	0.00085
			10	50		52	4	37	16.7631	0.00049		52	4	133	57.4891	0.004387		52	4	37	16.7631	0.001018
			11	48		52	8.33333	37	16.7631	0.000999		52	8.33333	143	58.3524	0.003725		52	8.33333	37	16.7631	0.00059
			12	44		48	9.09091	93	37.8021	0.000912		48	9.09091	143	49.3052	0.003213		48	9.09091	93	37.8021	0.00063
			13	42		45	7.14286	102	40.1746	0.000704		45	7.14286	149	49.8698	0.00297		45	7.14286	102	40.1746	0.000748
			14	40		42	5	105	40.1123	0.000503		42	5	189	63.5059	0.002803		42	5	105	40.1123	0.000773
			15	40		42	5	105	40.1123	0.000325		42	5	191	63.5374	0.002351		41	2.5	214	72.0555	0.000536

KILBRID.IN2   	45	3	184		191	3.80435	21	19.105	0.014967		191	3.80435	222	180.959	0.040633		191	3.80435	21	19.105	0.005619
			4	138		142	2.89855	16	10.8628	0.000738		142	2.89855	158	137.521	0.020462		142	2.89855	16	10.8628	0.004585
			5	111		116	4.5045	28	28	0.00095		116	4.5045	144	113.04	0.023923		116	4.5045	28	28	0.005073
			6	92		96	4.34783	24	12.8062	0.000918		96	4.34783	130	86.6718	0.017724		96	4.34783	24	12.8062	0.002704
			7	79		81	2.53165	15	8.88819	0.000602		81	2.53165	96	76.6029	0.010423		81	2.53165	15	8.88819	0.002778
			8	69		73	5.7971	32	14.0712	0.000788		73	5.7971	115	64.8768	0.015101		73	5.7971	32	14.0712	0.00484
			9	62		64	3.22581	24	10.6771	0.000713		64	3.22581	93	60.8194	0.010705		64	3.22581	24	10.6771	0.002364
			10	56		60	7.14286	48	27.0555	0.001532		60	7.14286	108	59.3633	0.007956		60	7.14286	48	27.0555	0.001732
			11	55		57	3.63636	75	48.4665	0.000473		57	3.63636	132	62.145	0.00684		57	3.63636	75	48.4665	0.001758

HAHN.IN2   	53	3	4787		5005	4.554	989	964.324	0.085417		5005	4.554	5994	4169.2	0.92079		5005	4.554	989	964.324	0.422685
			4	3677		3737	1.63177	922	738.676	0.063359		3737	1.63177	4659	3158.24	0.656622		3737	1.63177	922	738.676	0.132757
			5	2823		2830	0.247963	124	62.3699	0.004154		2830	0.247963	2954	2055.76	0.578746		2830	0.247963	124	62.3699	0.139116
			6	2400		2652	10.5	1886	1319.85	0.07575		2652	10.5	4538	2310.74	0.586847		2652	10.5	1886	1319.85	0.107548
			7	2336		2418	3.51027	2900	1891.67	0.095877		2418	3.51027	5318	2549.49	0.348505		2418	3.51027	2900	1891.67	0.015526
			8	1907		2117	11.0121	2910	1497.88	0.070568		2117	11.0121	5027	2247.11	0.30166		2117	11.0121	2910	1497.88	0.018695
			9	1827		1827	0	2417	1160.65	0.008886		1827	0	4244	1753.54	0.300054		1827	0	2417	1160.65	0.062705
			10	1775		1792	0.957747	3894	1663.93	0.002786		1792	0.957747	5686	2318.06	0.227355		1792	0.957747	3894	1663.93	0.008629

WARNECKE.IN2   	58	3	516		533	3.29457	51	40.1622	0.006576		533	3.29457	584	519.771	0.105889		533	3.29457	51	40.1622	0.054025
			4	387		395	2.06718	32	20.5913	0.001576		395	2.06718	427	380.798	0.083935		395	2.06718	32	20.5913	0.019191
			5	310		325	4.83871	77	65.7799	0.003095		325	4.83871	402	314.312	0.084743		325	4.83871	77	65.7799	0.016412
			6	258		269	4.26357	66	42.0951	0.002363		269	4.26357	335	257.901	0.064246		269	4.26357	66	42.0951	0.016671
			7	222		230	3.6036	62	33.4365	0.001883		230	3.6036	292	217.697	0.056418		230	3.6036	62	33.4365	0.012582
			8	194		201	3.60825	60	32.311	0.001675		201	3.60825	261	188.401	0.045612		201	3.60825	60	32.311	0.00822
			9	172		182	5.81395	90	42.3792	0.003027		182	5.81395	287	181.816	0.037112		182	5.81395	90	42.3792	0.012523
			10	155		165	6.45161	102	48.4974	0.002303		165	6.45161	267	156.592	0.039903		165	6.45161	102	48.4974	0.006459
			11	142		152	7.04225	124	53.1601	0.002451		152	7.04225	276	150.725	0.033851		152	7.04225	124	53.1601	0.011485
			12	130		145	11.5385	192	89.9778	0.008436		145	11.5385	352	159.725	0.026213		145	11.5385	192	89.9778	0.002184
			13	120		126	5	90	33.3467	0.008991		126	5	238	105.622	0.0238		126	5	90	33.3467	0.00546
			14	111		119	7.20721	118	46.2817	0.002092		119	7.20721	336	131.697	0.035015		119	7.20721	118	46.2817	0.007531
			15	104		114	9.61539	162	55.5338	0.002468		114	9.61539	298	104.728	0.021419		114	9.61539	162	55.5338	0.002569
			16	98		104	6.12245	116	44.9222	0.001897		104	6.12245	242	90.0333	0.03277		104	6.12245	116	44.9222	0.006177
			17	92		102	10.8696	186	62.3378	0.002933		102	10.8696	310	101.745	0.023171		102	10.8696	186	62.3378	0.001571
			18	87		97	11.4943	198	64.6993	0.002554		97	11.4943	295	102.494	0.021889		97	11.4943	198	64.6993	0.004416
			19	84		94	11.9048	238	93.7337	0.003078		94	11.9048	347	118.191	0.021424		94	11.9048	238	93.7337	0.004034
			20	79		90	13.9241	252	87.4986	0.008291		90	13.9241	342	109.873	0.016751		90	13.9241	252	87.4986	0.002041
			21	76		86	13.1579	258	95.7497	0.009378		86	13.1579	344	108.747	0.016116		86	13.1579	258	95.7497	0.002144
			22	73		85	16.4384	322	105.641	0.004068		85	16.4384	407	118.157	0.016715		85	16.4384	322	105.641	0.001745
			23	69		81	17.3913	315	97.9234	0.003776		81	17.3913	411	116.073	0.014121		81	17.3913	315	97.9234	0.00289
			24	66		75	13.6364	252	73.6342	0.002988		75	13.6364	349	87.4243	0.014454		75	13.6364	252	73.6342	0.011006
			25	64		74	15.625	302	78.3199	0.003505		74	15.625	398	96.9123	0.018089		74	15.625	302	78.3199	0.002153
			26	64		72	12.5	324	82.7164	0.003535		72	12.5	418	102.645	0.017715		72	12.5	324	82.7164	0.001588
			27	60		69	15	315	87.8123	0.003604		69	15	406	101.321	0.022965		69	15	315	87.8123	0.001812
			28	59		67	13.5593	328	86.2902	0.003496		67	13.5593	417	96.1613	0.016733		67	13.5593	328	86.2902	0.001663
			29	56		66	17.8571	366	89.2076	0.003483		66	17.8571	432	103.615	0.012449		64	14.2857	372	93.3702	0.001671

TONGE70.IN2   	70	3	1170		1178	0.683761	24	17.2047	0.001846		1178	0.683761	1202	1135.94	0.335306		1178	0.683761	24	17.2047	0.174693
			4	878		887	1.02506	38	29.7321	0.002646		887	1.02506	969	875.168	0.264053		887	1.02506	38	29.7321	0.064367
			5	702		723	2.99145	105	82.5893	0.006652		723	2.99145	892	714.748	0.204186		723	2.99145	105	82.5893	0.053013
			6	585		601	2.73504	96	47.9375	0.007609		601	2.73504	697	561.643	0.172786		601	2.73504	96	47.9375	0.045508
			7	502		521	3.78486	137	89.9944	0.004984		521	3.78486	717	505.483	0.153446		521	3.78486	137	89.9944	0.037799
			8	439		461	5.01139	178	117.303	0.006692		461	5.01139	639	456.049	0.137917		461	5.01139	178	117.303	0.03419
			9	391		395	1.02302	45	20.7605	0.001449		395	1.02302	440	354.119	0.120873		395	1.02302	45	20.7605	0.024188
			10	352		373	5.96591	220	116.25	0.005958		373	5.96591	657	385.07	0.206351		373	5.96591	220	116.25	0.030678
			11	320		340	6.25	230	100.27	0.006194		340	6.25	629	336.266	0.156246		340	6.25	230	100.27	0.020422
			12	294		313	6.46258	246	105.858	0.005639		313	6.46258	646	257.379	0.118515		313	6.46258	246	105.858	0.023005
			13	271		299	10.3321	377	176.796	0.014044		299	10.3321	784	333.002	0.12331		299	10.3321	377	176.796	0.008102
			14	251		270	7.56972	270	122.898	0.012271		270	7.56972	540	280.948	0.100979		270	7.56972	270	122.898	0.029863
			15	235		265	12.766	465	178.166	0.009309		265	12.766	730	303.589	0.096327		265	12.766	465	178.166	0.004678
			16	221		244	10.4072	394	179.293	0.01443		244	10.4072	725	250.274	0.084175		244	10.4072	394	179.293	0.014148
			17	208		229	10.0962	383	142.51	0.033165		243	16.8269	864	323.394	0.13984		243	16.8269	621	231.592	0.004516
			18	196		222	13.2653	486	202.879	0.012326		222	13.2653	708	253.886	0.089808		222	13.2653	486	202.879	0.003865
			19	186		212	13.9785	518	212.189	0.01158		212	13.9785	748	270.943	0.077537		212	13.9785	518	212.189	0.007074
			20	177		208	17.5141	650	242.273	0.022436		208	17.5141	876	291.342	0.084742		208	17.5141	650	242.273	0.002556
			21	170		205	20.5882	795	256.895	0.039165		205	20.5882	1018	292.024	0.050545		205	20.5882	795	256.895	0.008704
			22	162		191	17.9012	692	192.427	0.01649		191	17.9012	927	271.641	0.064044		191	17.9012	692	192.427	0.00429
			23	156		172	10.2564	446	137.659	0.005379		172	10.2564	705	181.673	0.061775		172	10.2564	446	137.659	0.012319
			24	156		172	10.2564	446	137.659	0.007839		172	10.2564	849	231.821	0.058405		171	9.61539	765	196.66	0.002438
			25	156		159	1.92308	465	136.678	0.001308		159	1.92308	683	216.201	0.066747		159	1.92308	465	136.678	0.01786

WEE-MAG.IN2   	75	3	500		500	0	1	1	0.000476		500	0	526	490.52	0.182379		500	0	1	1	0.116406
			4	375		385	2.66667	41	25.9808	0.004202		385	2.66667	426	361.801	0.133186		385	2.66667	41	25.9808	0.039486
			5	300		310	3.33333	51	26.5895	0.002813		310	3.33333	361	287.202	0.107273		310	3.33333	51	26.5895	0.039708
			6	250		255	2	31	15.7797	0.001831		255	2	286	231.892	0.110776		255	2	31	15.7797	0.034348
			7	215		222	3.25581	55	26.8142	0.002213		222	3.25581	277	200.112	0.081902		222	3.25581	55	26.8142	0.022934
			8	188		196	4.25532	69	30.282	0.002488		196	4.25532	265	175.24	0.070643		196	4.25532	69	30.282	0.023249
			9	167		178	6.58683	103	42.6966	0.009011		178	6.58683	306	175.317	0.086146		178	6.58683	103	42.6966	0.009043
			10	150		159	6	91	38.092	0.003303		159	6	250	141.647	0.169081		159	6	91	38.092	0.0158
			11	137		146	6.56934	107	39.3319	0.005375		146	6.56934	253	129.031	0.058617		146	6.56934	107	39.3319	0.025303
			12	125		134	7.2	109	40.7799	0.007936		134	7.2	243	117.852	0.04427		134	7.2	109	40.7799	0.01489
			13	116		125	7.75862	126	51.6914	0.002996		125	7.75862	251	111.611	0.043026		125	7.75862	126	51.6914	0.011539
			14	108		114	5.55556	97	37.6696	0.003314		114	5.55556	258	104.89	0.032954		114	5.55556	97	37.6696	0.006324
			15	100		108	8	121	40.7063	0.002962		108	8	229	94.4405	0.062798		108	8	121	40.7063	0.005869
			16	94		102	8.51064	133	43.3013	0.002935		102	8.51064	235	90.978	0.035027		102	8.51064	133	43.3013	0.005182
			17	89		94	5.61798	99	36.5103	0.016265		94	5.61798	240	87.0057	0.03667		94	5.61798	99	36.5103	0.00554
			18	84		93	10.7143	175	53.2071	0.003045		93	10.7143	268	88.9944	0.03283		93	10.7143	175	53.2071	0.001728
			19	84		88	4.7619	173	49.99	0.003007		88	4.7619	261	83.1445	0.038466		88	4.7619	173	49.99	0.00462
			20	77		87	12.987	241	80.0687	0.004046		87	12.987	328	90.598	0.030199		87	12.987	241	80.0687	0.002196
			21	72		79	9.72222	160	42.4264	0.002578		79	9.72222	264	84.5577	0.031207		79	9.72222	160	42.4264	0.003598
			22	69		76	10.1449	173	44.5533	0.004761		76	10.1449	249	72.4362	0.040897		76	10.1449	173	44.5533	0.002746
			23	66		72	9.09091	157	48.239	0.007211		72	9.09091	229	69.2026	0.035564		72	9.09091	157	48.239	0.0035
			24	66		70	6.06061	181	61.7171	0.002737		70	6.06061	251	72.1457	0.02004		70	6.06061	181	61.7171	0.003115
			25	66		69	4.54545	226	68.7605	0.003211		69	4.54545	295	78.492	0.040807		69	4.54545	226	68.7605	0.00219
			26	65		68	4.61538	269	74.8131	0.003931		68	4.61538	384	90.1998	0.024542		68	4.61538	269	74.8131	0.001976
			27	63		68	7.93651	269	74.8131	0.007004		68	7.93651	405	92.3742	0.021491		67	6.34921	377	88.0398	0.001884
			28	63		66	4.7619	349	77.6595	0.004529		66	4.7619	415	89.7162	0.026651		65	3.1746	386	85.1352	0.005149
			29	63		65	3.1746	386	85.1352	0.015564		65	3.1746	476	97.0155	0.014711		62	-1.5873	423	84.9294	0.002033
			30	56		64	14.2857	421	83.7556	0.005893		64	14.2857	485	95.0211	0.017488		60	7.14286	361	74.7596	0.001903

ARC83.IN2   	83	3	25236		25494	1.02235	775	548.085	0.099395		25494	1.02235	26269	22120	11.9181		25494	1.02235	775	548.085	6.71872
			4	18927		19263	1.77524	1345	1063.55	0.171344		19263	1.77524	20608	15951	10.6249		19263	1.77524	1345	1063.55	2.91579
			5	15142		15551	2.7011	2048	1198.58	0.303947		15551	2.7011	17599	12234	8.82638		15551	2.7011	2048	1198.58	1.92131
			6	12620		12928	2.44057	1861	1286.33	0.162598		12928	2.44057	14789	9739.94	6.99387		12928	2.44057	1861	1286.33	1.66429
			7	10826		11138	2.88195	2259	1221.45	0.176997		11138	2.88195	13397	8025.26	7.05883		11138	2.88195	2259	1221.45	1.59181
			8	9554		10080	5.50555	4933	2375.98	0.47463		10080	5.50555	15013	7504.09	6.57816		10080	5.50555	4933	2375.98	1.34003
			9	8499		8692	2.27086	2521	1166.28	0.223485		8692	2.27086	11213	6174.55	6.36372		8692	2.27086	2521	1166.28	1.56906
			10	7580		7841	3.44327	2703	1100.11	0.242804		7841	3.44327	10544	5122.9	6.00331		7841	3.44327	2703	1100.11	1.44703
			11	7084		7362	3.92434	5275	2294.56	0.406442		7362	3.92434	12637	5323.58	5.48401		7362	3.92434	5275	2294.56	1.13499
			12	6412		6961	8.56207	7825	3831.75	0.598067		6961	8.56207	14786	5724.46	4.92546		6961	8.56207	7825	3831.75	1.05699
			13	5864		6198	5.69577	4867	1987	0.359662		6198	5.69577	11065	4209.5	4.61136		6198	5.69577	4867	1987	1.13844
			14	5441		5740	5.49531	4653	1573.19	0.37918		5740	5.49531	10393	3747.67	4.85489		5740	5.49531	4653	1573.19	1.05453
			15	5104		5337	4.56505	4348	1436.1	0.229619		5337	4.56505	9685	3096.19	4.03897		5337	4.56505	4348	1436.1	0.899589
			16	4850		5202	7.25773	7525	2858.82	0.423223		5202	7.25773	12727	3908.96	3.61025		5202	7.25773	7525	2858.82	0.429457
			17	4516		4991	10.5182	9140	2722.4	0.512786		4991	10.5182	14131	4767.07	3.35384		4991	10.5182	9140	2722.4	0.324107
			18	4317		4674	8.26963	8425	2919.91	0.428165		4674	8.26963	13099	4385.79	3.19883		4674	8.26963	8425	2919.91	0.604033
			19	4068		4392	7.9646	7741	2193.39	0.38385		4392	7.9646	12133	3971.21	3.12486		4392	7.9646	7741	2193.39	0.588139
			20	3882		4260	9.73725	9493	2646.24	0.425511		4260	9.73725	13753	4284.98	2.85075		4260	9.73725	9493	2646.24	0.248893
			21	3691		4153	12.5169	11506	3812.51	0.446139		4153	12.5169	15659	4824.38	2.92173		4153	12.5169	11506	3812.51	0.200675
			22	3691		3921	6.23137	10555	3031.81	0.235559		3990	8.10079	16063	4482.74	2.67524		3990	8.10079	12073	3613.9	0.481897

LUTZ2.IN2   	89	9	54		56	3.7037	19	9.32738	0.001331		56	3.7037	75	48.4252	0.051439		56	3.7037	19	9.32738	0.022828
			10	49		52	6.12245	35	19.5192	0.02603		52	6.12245	87	45.7275	0.028049		52	6.12245	35	19.5192	0.003456
			11	45		46	2.22222	21	9.43398	0.000978		46	2.22222	84	42.2374	0.053939		46	2.22222	21	9.43398	0.003697
			12	41		42	2.43902	19	8.77496	0.001032		42	2.43902	70	36.3593	0.021501		42	2.43902	19	8.77496	0.022923
			13	38		39	2.63158	22	8.48528	0.021537		39	2.63158	85	37.1618	0.042768		39	2.63158	22	8.48528	0.004287
			14	35		38	8.57143	47	16.2788	0.002008		38	8.57143	102	37.8682	0.02051		38	8.57143	47	16.2788	0.001694
			15	33		36	9.09091	55	19.6214	0.001857		36	9.09091	91	32.7567	0.038601		36	9.09091	55	19.6214	0.026593
			16	31		32	3.22581	27	10.5357	0.001143		32	3.22581	76	29.189	0.047339		32	3.22581	27	10.5357	0.00376
			17	29		31	6.89655	42	13.784	0.001471		31	6.89655	73	26.7395	0.041846		31	6.89655	42	13.784	0.001944
			18	28		30	7.14286	55	24.2281	0.001784		30	7.14286	85	28.0535	0.030737		30	7.14286	55	24.2281	0.002714
			19	26		28	7.69231	47	18.0831	0.001443		28	7.69231	92	28.5657	0.02907		28	7.69231	47	18.0831	0.002229
			20	25		27	8	55	16.1555	0.001458		27	8	91	27.074	0.036962		27	8	55	16.1555	0.001809
			21	24		26	8.33333	61	18.1384	0.001503		26	8.33333	87	24.7588	0.047968		26	8.33333	61	18.1384	0.003341
			22	23		25	8.69565	65	21.4709	0.001919		25	8.69565	120	30.7571	0.008516		25	8.69565	65	21.4709	0.002192
			23	22		25	13.6364	65	21.4709	0.002579		25	13.6364	124	29.7321	0.052098		24	9.09091	91	21.2838	0.003439
			24	21		22	4.7619	43	11.7047	0.0012		22	4.7619	82	22.1359	0.027937		22	4.7619	43	11.7047	0.002072
			25	20		22	10	43	11.7047	0.001547		22	10	87	21.9773	0.022063		22	10	43	11.7047	0.002067
			26	19		21	10.5263	61	18.303	0.00566		21	10.5263	91	22.7816	0.007195		21	10.5263	61	18.303	0.015945
			27	19		20	5.26316	55	15.1327	0.017288		20	5.26316	92	22.4944	0.006521		20	5.26316	55	15.1327	0.001934
			28	18		20	11.1111	55	15.1327	0.001605		20	11.1111	95	21.9773	0.022033		19	5.55556	66	17.9444	0.00154

LUTZ3.IN2   	89	3	548		550	0.364964	6	4.24264	0.000903		550	0.364964	556	532.216	0.493372		550	0.364964	6	4.24264	0.27035
			4	411		419	1.94647	32	23.4947	0.00291		419	1.94647	451	402.091	0.383498		419	1.94647	32	23.4947	0.111502
			5	329		341	3.64742	61	45.111	0.00479		341	3.64742	420	333.167	0.304447		341	3.64742	61	45.111	0.075461
			6	275		278	1.09091	24	11.8322	0.001712		278	1.09091	302	261.5	0.264472		278	1.09091	24	11.8322	0.053517
			7	236		242	2.54237	50	25.6125	0.004171		242	2.54237	322	224.624	0.209015		242	2.54237	50	25.6125	0.066088
			8	207		211	1.93237	44	26.9072	0.002335		211	1.93237	285	187.475	0.17977		211	1.93237	44	26.9072	0.054449
			9	184		189	2.71739	57	39.3065	0.002812		189	2.71739	264	180.826	0.195281		189	2.71739	57	39.3065	0.015564
			10	165		174	5.45455	96	48.1664	0.00376		174	5.45455	270	163.414	0.120697		174	5.45455	96	48.1664	0.039408
			11	151		160	5.96026	116	44.8107	0.041501		160	5.96026	276	150.226	0.129834		160	5.96026	116	44.8107	0.011769
			12	138		148	7.24638	132	68.7895	0.004422		148	7.24638	298	153.747	0.130995		148	7.24638	132	68.7895	0.054351
			13	128		137	7.03125	137	57.7841	0.004364		137	7.03125	274	131.833	0.173905		137	7.03125	137	57.7841	0.008946
			14	118		124	5.08475	92	34.0588	0.002796		124	5.08475	216	113.031	0.131934		124	5.08475	92	34.0588	0.014136
			15	110		119	8.18182	141	68.1249	0.004283		119	8.18182	260	114.079	0.113983		119	8.18182	141	68.1249	0.007943
			16	105		114	8.57143	180	65.0846	0.029999		114	8.57143	312	130.008	0.105519		114	8.57143	180	65.0846	0.004472
			17	98		108	10.2041	192	64.9923	0.017448		108	10.2041	318	119.088	0.104437		108	10.2041	192	64.9923	0.00796
			18	93		100	7.52688	156	56.4269	0.003614		100	7.52688	286	96.0104	0.087371		100	7.52688	156	56.4269	0.028759
			19	89		94	5.61798	142	44.4972	0.003643		94	5.61798	295	98.2293	0.098603		94	5.61798	142	44.4972	0.017689
			20	85		92	8.23529	196	68.5857	0.004119		92	8.23529	318	100.539	0.087304		92	8.23529	196	68.5857	0.003115
			21	80		91	13.75	267	81.6884	0.005558		91	13.75	388	111.418	0.059535		91	13.75	267	81.6884	0.003222
			22	76		86	13.1579	248	72.2219	0.004965		86	13.1579	334	99.3076	0.114589		86	13.1579	248	72.2219	0.003838
			23	74		81	9.45946	219	67.2533	0.003163		81	9.45946	330	97.4577	0.074089		81	9.45946	219	67.2533	0.004812

MUKHERJE.IN2   	94	3	1403		1410	0.498931	22	16.5529	0.041985		1410	0.498931	1432	1311.17	1.82953		1410	0.498931	22	16.5529	0.916465
			4	1052		1054	0.190114	8	5.09902	0.001354		1054	0.190114	1062	955.316	1.44797		1054	0.190114	8	5.09902	0.380085
			5	844		860	1.89573	92	70.214	0.029865		860	1.89573	952	765.518	1.1262		860	1.89573	92	70.214	0.27033
			6	704		711	0.994318	58	33.3167	0.007323		717	1.84659	811	622.427	1.17534		717	1.84659	94	52.8015	0.257397
			7	621		624	0.483092	160	140.449	0.06672		624	0.483092	784	547.054	0.803984		624	0.483092	160	140.449	0.199816
			8	532		545	2.44361	152	103.865	0.032605		545	2.44361	697	461.464	0.739034		545	2.44361	152	103.865	0.19991
			9	471		484	2.76008	148	67.2904	0.042901		484	2.76008	632	400.372	0.629393		484	2.76008	148	67.2904	0.166847
			10	424		441	4.00943	202	105.423	0.043001		441	4.00943	771	375.045	0.615734		441	4.00943	202	105.423	0.122555
			11	391		398	1.79028	170	102.264	0.02759		398	1.79028	568	319.431	0.557535		398	1.79028	170	102.264	0.098522
			12	358		364	1.67598	160	73.171	0.056964		367	2.51397	563	293.136	0.510638		367	2.51397	196	81.6088	0.121213
			13	325		336	3.38462	160	61.8708	0.010575		336	3.38462	496	256.18	0.438261		336	3.38462	160	61.8708	0.1156
			14	311		326	4.82315	356	142.745	0.065219		326	4.82315	682	280.838	0.390196		326	4.82315	356	142.745	0.013772
			15	288		303	5.20833	337	124.326	0.013018		303	5.20833	743	329.892	0.397153		303	5.20833	337	124.326	0.054631
			16	268		282	5.22388	304	107.722	0.014556		282	5.22388	714	254.444	0.356664		282	5.22388	304	107.722	0.090742
			17	251		263	4.78088	263	96.4728	0.010736		263	4.78088	654	237.036	0.377915		263	4.78088	263	96.4728	0.086364
			18	239		251	5.02092	310	114.429	0.056594		251	5.02092	561	213.267	0.32852		251	5.02092	310	114.429	0.08236
			19	226		244	7.9646	428	183.706	0.028331		244	7.9646	672	240.25	0.338446		244	7.9646	428	183.706	0.025919
			20	220		243	10.4545	652	237.478	0.086195		243	10.4545	895	272.053	0.285187		243	10.4545	652	237.478	0.004549
			21	208		224	7.69231	496	172.377	0.050692		231	11.0577	874	268.909	0.287257		231	11.0577	643	222.416	0.017891
			22	200		209	4.5	390	142.738	0.036565		209	4.5	599	172.988	0.280828		209	4.5	390	142.738	0.064369
			23	189		202	6.87831	438	141.244	0.035483		202	6.87831	640	198	0.255545		202	6.87831	438	141.244	0.037899
			24	179		189	5.58659	328	100.02	0.044331		189	5.58659	620	215.694	0.308807		189	5.58659	328	100.02	0.060606
			25	172		180	4.65116	292	99.0959	0.005612		180	4.65116	575	218.149	0.297069		180	4.65116	292	99.0959	0.034651
			26	171		179	4.67836	446	159.217	0.005014		179	4.67836	625	206.865	0.248791		179	4.67836	446	159.217	0.042485

ARC111.IN2   	111	3	50133		51274	2.27595	3423	3376.33	1.68697		51274	2.27595	54788	nan	77.0189		51274	2.27595	3423	3376.33	36.6928
			4	37600		38272	1.78723	2689	1791.91	1.03233		38272	1.78723	41052	38154	56.519		38272	1.78723	2689	1791.91	14.0355
			5	30080		31328	4.14894	6241	4251.97	1.94798		31328	4.14894	39238	31728.8	45.5349		31328	4.14894	6241	4251.97	9.51574
			6	25067		25681	2.44944	3687	2750.84	0.974423		25681	2.44944	30310	25789.5	40.7022		25681	2.44944	3687	2750.84	11.6735
			7	21486		22266	3.63027	5463	4466.52	1.77154		22416	4.3284	29344	22535.9	41.1203		22416	4.3284	6513	4714.24	9.45758
			8	18800		19790	5.26596	7921	5234.62	2.08514		19790	5.26596	29907	19909.8	32.0297		19790	5.26596	7921	5234.62	6.74013
			9	16711		17226	3.0818	4635	2030.14	0.894392		17226	3.0818	24056	15328.3	28.0367		17226	3.0818	4635	2030.14	6.81722
			10	15040		16119	7.1742	10791	6082.92	1.80265		16119	7.1742	32618	17661.9	24.6086		16119	7.1742	10791	6082.92	4.82011
			11	13673		14530	6.26783	9431	5686.16	1.44525		14530	6.26783	24861	14694.6	23.3113		14530	6.26783	9431	5686.16	4.50465
			12	12534		13402	6.92516	10425	4684.68	1.50991		13402	6.92516	26023	13610	21.0999		13402	6.92516	10425	4684.68	4.11582
			13	11570		12448	7.58859	11425	5644.36	1.64775		12448	7.58859	24733	12174.9	19.8189		12448	7.58859	11425	5644.36	3.88823
			14	10747		11486	6.87634	10405	4940.73	1.45001		11486	6.87634	23722	10594.7	18.3128		11486	6.87634	10405	4940.73	3.83938
			15	10035		10715	6.77628	10326	5317.74	1.2288		10715	6.77628	24005	10854.3	17.4128		10715	6.77628	10326	5317.74	3.68314
			16	9412		10565	12.2503	18641	7608.43	2.21405		10565	12.2503	32170	11674.7	15.7597		10565	12.2503	18641	7608.43	0.733216
			17	8855		9726	9.83625	14943	5061.58	1.6348		9726	9.83625	30867	11883.1	15.5803		9726	9.83625	14943	5061.58	2.95639
			18	8376		9690	15.6877	24021	8510.35	2.5907		9690	15.6877	40001	14146.5	13.3573		9690	15.6877	24021	8510.35	0.217969
			19	7920		8510	7.44949	11291	4093.19	1.09853		8510	7.44949	27224	10563.7	14.0473		8510	7.44949	11291	4093.19	2.93045
			20	7520		8377	11.3963	17141	6156.78	1.81847		8377	11.3963	31716	10402.3	13.0171		8377	11.3963	17141	6156.78	0.764593
			21	7181		8070	12.3799	19071	6072.98	1.89003		8070	12.3799	27141	10027.7	12.118		8070	12.3799	19071	6072.98	0.947377
			22	6839		7693	12.4872	18847	7684.33	1.79469		7693	12.4872	27279	9334.77	11.8087		7693	12.4872	18847	7684.33	0.975269
			23	6551		7467	13.9826	21342	7187.99	1.9022		7467	13.9826	29709	9538.13	11.1852		7467	13.9826	21342	7187.99	0.677252
			24	6273		7203	14.8254	22473	7362.78	1.94968		7203	14.8254	31507	9696.55	11.0052		7203	14.8254	22473	7362.78	1.35305
			25	6085		7021	15.3821	25126	7636.87	2.1724		7021	15.3821	33574	9793.18	10.3365		7021	15.3821	25126	7636.87	1.35993
			26	5844		6468	10.6776	17769	5498.79	1.45208		6670	14.1342	31887	9698.61	10.2488		6670	14.1342	23021	6799.57	1.29498
			27	5689		6468	13.6931	17769	5498.79	1.70689		6468	13.6931	31241	7997.15	9.72103		6468	13.6931	17769	5498.79	0.02567

BARTHOL2.IN2   	148	27	157		168	7.00637	302	151.479	0.0309		168	7.00637	470	168.493	0.459477		168	7.00637	302	151.479	0.033908
			28	152		161	5.92105	274	90.2552	0.035738		161	5.92105	435	140.766	0.420938		161	5.92105	274	90.2552	0.050395
			29	146		159	8.90411	377	130.755	0.038399		159	8.90411	536	174.034	0.427545		159	8.90411	377	130.755	0.031669
			30	142		150	5.6338	266	69.2676	0.033038		150	5.6338	456	152.296	0.418597		150	5.6338	266	69.2676	0.100048
			31	137		147	7.29927	323	89.3029	0.041032		147	7.29927	510	155.897	0.385569		147	7.29927	323	89.3029	0.033457
			32	133		141	6.01504	278	80.9938	0.042226		141	6.01504	419	143.628	0.364198		141	6.01504	278	80.9938	0.050283
			33	129		136	5.42636	254	59.1101	0.010908		138	6.97674	506	145.774	0.411286		138	6.97674	320	96.5401	0.028921
			34	125		133	6.4	288	74.1889	0.033154		133	6.4	536	158.959	0.368169		133	6.4	288	74.1889	0.015768
			35	121		133	9.91736	288	74.1889	0.051442		133	9.91736	554	162.284	0.331337		133	9.91736	288	74.1889	0.0282
			36	118		128	8.47458	374	105.972	0.061835		128	8.47458	524	151.473	0.348956		128	8.47458	374	105.972	0.029408
			37	115		127	10.4348	465	132.744	0.036543		127	10.4348	751	181.287	0.334552		127	10.4348	465	132.744	0.024716
			38	112		127	13.3929	465	132.744	0.058434		127	13.3929	767	178.216	0.324778		126	12.5	680	151.559	0.00817
			39	109		125	14.6789	641	142.762	0.071716		125	14.6789	766	166.631	0.319011		125	14.6789	641	142.762	0.020343
			40	106		120	13.2075	566	138.903	0.030687		120	13.2075	686	161.474	0.300019		120	13.2075	566	138.903	0.059435
			41	104		119	14.4231	645	157.299	0.052227		119	14.4231	764	175.037	0.279608		119	14.4231	645	157.299	0.027577
			42	101		115	13.8614	596	148.324	0.058258		115	13.8614	733	165	0.282702		115	13.8614	596	148.324	0.054671
			43	99		110	11.1111	496	100.1	0.036944		110	11.1111	654	143.91	0.278439		110	11.1111	496	100.1	0.039607
			44	97		107	10.3093	474	104.346	0.055798		107	10.3093	629	134.963	0.273967		107	10.3093	474	104.346	0.037761
			45	95		106	11.5789	536	107.824	0.065017		106	11.5789	664	133.843	0.272318		106	11.5789	536	107.824	0.021601
			46	93		102	9.67742	458	95.121	0.034975		102	9.67742	600	124.137	0.296225		102	9.67742	458	95.121	0.032398
			47	91		100	9.89011	466	98.1835	0.038106		100	9.89011	588	127.091	0.280445		100	9.89011	466	98.1835	0.035734
			48	89		99	11.236	518	109.289	0.039304		99	11.236	639	129.186	0.249965		99	11.236	518	109.289	0.017814
			49	87		98	12.6437	568	111.463	0.056955		98	12.6437	688	142.007	0.24311		98	12.6437	568	111.463	0.025511
			50	85		93	9.41177	416	86.267	0.03168		95	11.7647	611	122.756	0.249324		95	11.7647	516	112.365	0.070662
			51	84		91	8.33333	407	89.7051	0.041315		91	8.33333	520	118.474	0.251994		91	8.33333	407	89.7051	0.043436

BARTHOLD.IN2   	148	3	1878		1879	0.0532481	3	2.23607	0.001662		1879	0.0532481	1882	1857.13	4.66993		1879	0.0532481	3	2.23607	2.40243
			4	1409		1414	0.354862	22	20.0998	0.02544		1414	0.354862	1436	1392.28	3.5563		1414	0.354862	22	20.0998	0.876909
			5	1127		1131	0.354925	21	14.8661	0.005521		1131	0.354925	1152	1109.32	2.93853		1131	0.354925	21	14.8661	0.770242
			6	939		965	2.7689	156	138.355	0.044416		965	2.7689	1161	950.957	2.43341		965	2.7689	156	138.355	0.555059
			7	805		812	0.869565	50	27.2029	0.039898		812	0.869565	862	790.76	2.08154		812	0.869565	50	27.2029	0.55161
			8	705		709	0.567376	38	20.4939	0.029138		709	0.567376	787	684.191	1.85909		709	0.567376	38	20.4939	0.469203
			9	626		631	0.798722	45	19.6723	0.040628		631	0.798722	698	613.989	1.69822		631	0.798722	45	19.6723	0.427842
			10	564		570	1.06383	66	30.8221	0.032643		570	1.06383	636	549.301	1.55512		570	1.06383	66	30.8221	0.187912
			11	513		535	4.2885	251	223.533	0.070885		535	4.2885	808	541.282	1.37859		535	4.2885	251	223.533	0.12354
			12	470		484	2.97872	174	139.664	0.05718		487	3.61702	775	507.782	1.27717		487	3.61702	210	152.145	0.294791
			13	434		442	1.84332	112	57.81	0.027793		442	1.84332	695	435.193	1.23527		442	1.84332	112	57.81	0.14915
			14	403		415	2.97767	176	81.4862	0.041296		415	2.97767	625	391.171	1.12555		415	2.97767	176	81.4862	0.116844
			15	383		383	0	111	45.1553	0.00097		389	1.56658	624	381.607	1.08047		389	1.56658	201	113.062	0.114903

SCHOLL.IN2   	297	25	2787		2943	5.59742	3920	1710.53	1.50017		2943	5.59742	6863	2368.11	24.0996		2943	5.59742	3920	1710.53	1.82866
			26	2680		2812	4.92537	3457	1547.91	1.2594		2812	4.92537	6269	2074.53	23.5813		2812	4.92537	3457	1547.91	1.94963
			27	2580		2689	4.22481	2948	1396.71	1.06601		2689	4.22481	5637	1845.3	22.8971		2689	4.22481	2948	1396.71	2.04059
			28	2488		2562	2.97428	2081	686.533	0.718145		2562	2.97428	4643	1531.86	22.2619		2562	2.97428	2081	686.533	2.26283
			29	2402		2466	2.66445	1859	494.83	0.638687		2466	2.66445	4325	1471.7	21.7595		2466	2.66445	1859	494.83	2.28744
			30	2322		2409	3.74677	2615	1030.81	0.863681		2409	3.74677	5024	1774.01	20.8578		2409	3.74677	2615	1030.81	2.0213
			31	2247		2332	3.78282	2637	963.694	0.796101		2332	3.78282	6362	2559.83	20.3913		2332	3.78282	2637	963.694	1.89035
			32	2177		2286	5.00689	3497	998.276	1.15192		2286	5.00689	7176	2622.25	19.5224		2286	5.00689	3497	998.276	1.07779
			33	2111		2219	5.11606	3572	1065.12	1.10296		2219	5.11606	5791	1830.46	18.8778		2219	5.11606	3572	1065.12	1.52117
			34	2049		2149	4.88043	3411	1115.33	1.0065		2149	4.88043	5560	1613.13	18.403		2149	4.88043	3411	1115.33	1.55754
			35	1991		2086	4.77147	3355	1049.87	0.920444		2086	4.77147	7027	2320.61	17.9668		2086	4.77147	3355	1049.87	1.56261
			36	1935		2083	7.64858	5333	1542.96	1.50748		2083	7.64858	9002	2748.79	16.8981		2083	7.64858	5333	1542.96	0.161862
			37	1883		2027	7.64737	5344	1734.03	1.45212		2027	7.64737	7371	2303.76	16.5751		2027	7.64737	5344	1734.03	0.926102
			38	1834		2018	10.0327	7029	2264.26	1.81886		2018	10.0327	9047	2576.81	15.7355		2018	10.0327	7029	2264.26	0.211158
			39	1787		1960	9.68103	6785	2102.36	1.73737		1960	9.68103	8745	2410.04	15.3679		1960	9.68103	6785	2102.36	1.93661
			40	1742		1895	8.78301	6145	1927.39	1.5611		1912	9.7589	8737	2276.09	15.1467		1912	9.7589	6825	2133.36	1.845
			41	1700		1865	9.70588	6810	1825.05	1.67342		1865	9.70588	8675	2037.87	14.6683		1865	9.70588	6810	1825.05	0.663333
			42	1659		1797	8.31826	5819	1572.85	1.41718		1797	8.31826	7616	1797.03	14.696		1797	8.31826	5819	1572.85	2.14405
			43	1621		1742	7.46453	5251	1385.3	1.26961		1742	7.46453	6993	1682.63	14.5927		1742	7.46453	5251	1385.3	0.863035
			44	1584		1700	7.32323	5145	1276.49	1.22218		1705	7.63889	7070	1629.87	14.1688		1705	7.63889	5365	1351.85	0.818777
			45	1549		1650	6.52034	4595	1215.28	1.06225		1666	7.55326	6981	1637.56	13.8908		1666	7.55326	5315	1360.71	0.817196
			46	1515		1621	6.9967	4911	1208.12	1.1182		1621	6.9967	6532	1573.15	13.0278		1621	6.9967	4911	1208.12	0.385475
			47	1483		1611	8.63115	6062	1534.98	1.2642		1611	8.63115	7673	1759.43	12.2612		1611	8.63115	6062	1534.98	0.404101
			48	1452		1610	10.8815	7625	1755.08	1.55717		1610	10.8815	9235	2189.23	11.5767		1610	10.8815	7625	1755.08	0.11004
			49	1423		1549	8.85453	6246	1684.22	1.21096		1549	8.85453	7795	1937.09	11.6809		1549	8.85453	6246	1684.22	1.60061
			50	1394		1513	8.53659	5995	1625.96	1.14481		1524	9.32568	8069	1910.75	11.4425		1524	9.32568	6545	1694.32	0.484857
			51	1386		1492	7.64791	6437	1618.81	1.02771		1492	7.64791	7929	1891.62	11.1957		1492	7.64791	6437	1618.81	0.62558
			52	1386		1445	4.25685	5485	1370.36	0.586722		1445	4.25685	6930	1604.75	11.2704		1445	4.25685	5485	1370.36	1.03001

