-------------------------------------------------------------------------------------------------------------------------------------------------------------------------------------------------------

								Lower Bound					Upper Bound					Binary Search
						---------------------------------------------		---------------------------------------------		---------------------------------------------
Problem		n	m	c*		c	%dev	BD	SX	CPU(time)		c	%dev	BD	SX	CPU(time)		c	%dev	BD	SX	CPU(time)

-------------------------------------------------------------------------------------------------------------------------------------------------------------------------------------------------------
BUXEY.IN2   	29	7	47		51	8.51064	33	18.9473	0.00052		52	10.6383	92	42.5676	0.002934		53	12.766	47	29.1719	0.000639
			8	41		44	7.31707	28	13.0384	0.000376		44	7.31707	92	44.6542	0.002853		45	9.7561	36	16.3707	0.00063
			9	37		39	5.40541	27	13.1529	0.000303		41	10.8108	106	42.8952	0.002312		41	10.8108	45	17.2916	0.000537
			10	34		36	5.88235	36	14.1421	0.000455		37	8.82353	83	31.225	0.002462		36	5.88235	36	15.6205	0.000688
			11	32		34	6.25	50	20.5426	0.000502		34	6.25	104	34.7851	0.001981		34	6.25	50	21.8632	0.000416
			12	28		32	14.2857	60	24.9399	0.000492		32	14.2857	92	33.0151	0.001821		31	10.7143	79	25.3574	0.000506
			13	27		29	7.40741	53	19.6723	0.000448		30	11.1111	96	31.209	0.0016		29	7.40741	82	28.7402	0.000459
			14	25		28	12	68	23.7487	0.000374		28	12	96	28.0713	0.002015		27	8	54	18.2209	0.000485

SAWYER30.IN2   	30	7	47		51	8.51064	33	21.9773	0.000481		51	8.51064	84	47.0956	0.003042		51	8.51064	33	15.5242	0.00071
			8	41		46	12.1951	44	24.5764	0.000538		46	12.1951	90	46.3897	0.002688		47	14.6341	99	46.2925	0.000461
			9	37		41	10.8108	45	21.8861	0.00054		42	13.5135	98	39.0384	0.002389		42	13.5135	54	26.9815	0.000645
			10	34		38	11.7647	56	27.0185	0.000615		40	17.6471	118	45.1664	0.001955		37	8.82353	83	33.9853	0.000529
			11	31		34	9.67742	50	21.2132	0.000492		36	16.129	110	39.6989	0.001916		34	9.67742	84	31.305	0.00041
			12	28		30	7.14286	36	13.8564	0.000351		30	7.14286	89	29.2746	0.002063		31	10.7143	48	18.8149	0.000517
			13	26		30	15.3846	36	13.6382	0.000508		29	11.5385	98	33.4963	0.001755		28	7.69231	68	23.4521	0.000447
			14	25		27	8	54	17.8885	0.000274		28	12	112	34.7563	0.001835		27	8	81	25.318	0.000473

LUTZ1.IN2   	32	8	1860		1861	0.0537634	748	368.966	0.00679		2051	10.2688	4773	2442.31	0.212178		2072	11.3979	2436	1477.73	0.031089
			9	1638		1678	2.442	962	471.088	0.022448		1788	9.15751	3740	1796.6	0.22746		1775	8.36386	1835	713.942	0.038776
			10	1526		1610	5.50459	1960	825.736	0.054549		1718	12.5819	4758	1895.37	0.175903		1683	10.2883	2690	976.554	0.001942
			11	1400		1410	0.714286	1370	582.838	0.000942		1472	5.14286	3524	1599.54	0.24031		1472	5.14286	2052	732.453	0.045496
			12	1400		1400	0	2660	999.056	8e-05		1391	-0.642857	3943	1643.15	0.20432		1400	0	2660	1113.6	0.003081

GUNTHER.IN2   	35	6	84		85	1.19048	27	13.7477	0.000553		86	2.38095	121	56.701	0.007036		87	3.57143	39	19.2094	0.039718
			7	72		76	5.55556	49	33.8378	0.000876		80	11.1111	159	69.4766	0.012537		80	11.1111	157	86.3423	0.001059
			8	63		67	6.34921	53	32.2335	0.00086		70	11.1111	149	58.2666	0.006986		71	12.6984	85	43.5546	0.000722
			9	54		60	11.1111	57	28.1603	0.000863		63	16.6667	149	56.5597	0.037759		60	11.1111	117	47.613	0.000909
			10	50		54	8	57	29	0.000762		53	6	102	38.7298	0.004995		53	6	100	38.6264	0.001031
			11	48		49	2.08333	56	24.3721	0.000738		51	6.25	131	52.9811	0.004342		51	6.25	78	38.1314	0.000735
			12	44		45	2.27273	57	24.5967	0.000646		48	9.09091	143	49.3052	0.003521		46	4.54545	69	27.4044	0.000842
			13	42		42	0	63	26.1725	0.000321		45	7.14286	149	49.2646	0.006119		43	2.38095	76	29.5296	0.02205
			14	40		42	5	105	41.0731	0.00033		42	5	149	57.1752	0.008741		41	2.5	173	57.0175	0.000581
			15	40		42	5	105	38.223	0.000437		42	5	189	68.593	0.020616		41	2.5	173	65.3223	0.000554

KILBRID.IN2   	45	3	184		185	0.543478	3	2.23607	0.000296		189	2.71739	204	184.646	0.04243		186	1.08696	6	4.24264	0.055982
			4	138		142	2.89855	16	11.225	0.000681		143	3.62319	163	139.481	0.046962		147	6.52174	36	26.0768	0.004348
			5	111		112	0.900901	8	7.07107	0.000415		115	3.6036	160	100.558	0.016285		117	5.40541	33	29.1033	0.003393
			6	92		94	2.17391	12	5.65685	0.000424		94	2.17391	128	77.3305	0.08318		94	2.17391	12	7.61577	0.003489
			7	79		84	6.32911	36	21.4009	0.001047		85	7.59494	128	83.1384	0.038509		83	5.06329	29	14.8661	0.014055
			8	69		76	10.1449	56	35.242	0.002842		78	13.0435	150	86.5794	0.026874		77	11.5942	64	36.5513	0.001849
			9	62		66	6.45161	42	18.0555	0.000999		67	8.06452	140	65.7875	0.037843		68	9.67742	60	27.1662	0.015379
			10	56		60	7.14286	48	22.4499	0.002084		61	8.92857	141	68.3447	0.0092		62	10.7143	68	30	0.001468
			11	55		55	0	53	20.0749	0.000161		53	-3.63636	106	51.225	0.032382		55	0	53	23.516	0.001332

HAHN.IN2   	53	3	4787		4940	3.19616	794	659.007	0.078941		5131	7.18613	6498	4324.76	1.56954		5133	7.22791	1373	1127.57	0.672886
			4	3677		3748	1.93092	966	751.286	0.117298		3808	3.56269	5014	3265.16	1.13619		3808	3.56269	1206	847.534	0.209522
			5	2823		2823	0	89	46.5081	0.002814		2897	2.62133	5223	3167.85	1.00111		2900	2.72759	474	241.097	0.203355
			6	2400		2488	3.66667	902	499.005	0.061443		2652	10.5	4538	2328.74	0.713478		2652	10.5	1886	1301.91	0.135163
			7	2336		2407	3.03938	2823	1858.95	0.14572		2419	3.55308	5326	2557.56	0.728573		2419	3.55308	2907	1693.89	0.031134
			8	1907		1921	0.734137	1342	795.649	0.070768		2175	14.0535	5549	2456.67	0.617525		2174	14.001	3366	1547.34	0.01152
			9	1827		1827	0	2417	1149.79	0.019546		1827	0	4244	1756.06	0.565391		1827	0	2417	1164.45	0.040243
			10	1775		1781	0.338028	3784	1742.54	0.001129		1792	0.957747	5686	2181.17	0.453451		1792	0.957747	3894	1815.26	0.016932

WARNECKE.IN2   	58	3	516		533	3.29457	51	45.3982	0.003204		533	3.29457	584	519.875	0.274466		533	3.29457	51	45.3982	0.141906
			4	387		393	1.55039	24	14.9666	0.001256		391	1.03359	429	360.834	0.191349		401	3.61757	56	37.229	0.016134
			5	310		322	3.87097	62	60.0167	0.002926		327	5.48387	414	316.361	0.127421		325	4.83871	77	46.3573	0.030613
			6	258		270	4.65116	72	44.9444	0.003156		272	5.42636	356	261.385	0.151747		273	5.81395	90	53.8702	0.0187
			7	222		225	1.35135	27	15.6525	0.000994		226	1.8018	260	212.217	0.126066		231	4.05405	69	36.2077	0.021684
			8	194		200	3.09278	52	22.4499	0.021444		201	3.60825	261	188.947	0.093671		201	3.60825	60	27.8209	0.038182
			9	172		180	4.65116	72	35.5528	0.015584		182	5.81395	272	172.743	0.117006		182	5.81395	90	40.2492	0.027563
			10	155		163	5.16129	82	52.5928	0.002198		163	5.16129	245	153.646	0.055119		163	5.16129	82	47.4763	0.049789
			11	142		149	4.92958	91	44.8888	0.002278		152	7.04225	276	152.02	0.091497		152	7.04225	124	56.6745	0.005829
			12	130		139	6.92308	120	49.1732	0.027227		141	8.46154	307	126.779	0.066586		146	12.3077	204	106.527	0.004133
			13	120		127	5.83333	103	38.1182	0.003093		126	5	315	136.451	0.138389		129	7.5	129	41.7013	0.007721
			14	111		120	8.10811	132	54.0925	0.013845		120	8.10811	351	133.944	0.058266		120	8.10811	132	51.1859	0.020314
			15	104		112	7.69231	132	46.1952	0.002271		114	9.61539	298	105.385	0.055161		112	7.69231	244	92.5635	0.001887
			16	98		103	5.10204	100	36.7423	0.001827		111	13.2653	361	113.925	0.082136		109	11.2245	196	82.6196	0.002289
			17	92		100	8.69565	152	66.4379	0.002389		98	6.52174	238	79.95	0.053134		101	9.78261	169	62.5859	0.017203
			18	87		98	12.6437	216	93.3167	0.003117		99	13.7931	333	115.512	0.051809		98	12.6437	216	92.6607	0.001944
			19	84		94	11.9048	238	91.8477	0.013921		95	13.0952	367	122.731	0.038458		92	9.52381	200	79.0822	0.00306
			20	79		90	13.9241	252	94.8051	0.003435		91	15.1899	363	110.657	0.035123		90	13.9241	162	74.2967	0.001716
			21	76		85	11.8421	237	91.9728	0.039261		87	14.4737	366	117.09	0.042273		87	14.4737	366	113.402	0.002699
			22	73		82	12.3288	256	81.2281	0.003273		83	13.6986	376	110.018	0.032135		82	12.3288	174	69.8284	0.002043
			23	69		77	11.5942	223	71.1548	0.003403		80	15.942	427	110.132	0.033841		81	17.3913	315	93.5147	0.024127
			24	66		75	13.6364	252	67.7791	0.003481		75	13.6364	349	89.7162	0.058153		76	15.1515	276	78.4857	0.001817
			25	64		73	14.0625	277	77.2075	0.003507		72	12.5	390	101.804	0.043851		72	12.5	252	71.0915	0.002469
			26	64		72	12.5	324	80.7589	0.00805		72	12.5	418	100.09	0.034119		72	12.5	252	69.4982	0.001694
			27	60		67	11.6667	261	74.2496	0.029205		70	16.6667	434	106.301	0.025053		69	15	246	74.8999	0.001659
			28	59		68	15.2542	288	85.3464	0.019809		66	11.8644	388	90.1221	0.02552		67	13.5593	261	64.9846	0.001676
			29	56		64	14.2857	308	82.8251	0.021607		66	17.8571	454	102.411	0.02938		64	14.2857	372	90.7193	0.001932

TONGE70.IN2   	70	3	1170		1178	0.683761	24	17.2047	0.002225		1187	1.45299	1281	1134.28	0.776217		1201	2.64957	93	71.2811	0.34923
			4	878		888	1.13895	42	31.305	0.031792		912	3.87244	1050	874.812	0.513948		910	3.64465	130	95.4882	0.125364
			5	702		708	0.854701	30	17.9444	0.014787		713	1.56695	811	666.245	0.450447		759	8.11966	285	235.786	0.084487
			6	585		593	1.36752	48	29.3258	0.004043		605	3.4188	768	590.098	0.391389		603	3.07692	108	82.2679	0.108
			7	502		509	1.39442	53	29.6816	0.005239		525	4.58167	690	500.991	0.297056		530	5.57769	200	176.46	0.102057
			8	439		449	2.2779	82	35.6371	0.015556		462	5.23918	691	458.671	0.273342		465	5.92255	210	111.283	0.049141
			9	391		397	1.53453	63	23.5584	0.00221		406	3.83632	652	397.162	0.266082		413	5.6266	207	83.66	0.068695
			10	352		361	2.55682	100	40.939	0.002953		368	4.54545	538	359.338	0.235077		370	5.11364	560	345.112	0.051017
			11	320		334	4.375	164	86.1162	0.006599		354	10.625	753	373.937	0.215193		352	10	362	180.582	0.007834
			12	294		310	5.44218	210	123.701	0.007521		311	5.78231	533	286.634	0.208929		319	8.5034	318	198.363	0.065013
			13	271		287	5.90406	221	79.177	0.008288		288	6.27306	565	256.135	0.141271		292	7.74908	286	106.921	0.044643
			14	251		263	4.78088	172	58.4123	0.055646		267	6.3745	635	265.317	0.216424		281	11.9522	424	215.931	0.035969
			15	235		253	7.65957	285	139.409	0.00609		263	11.9149	716	306.398	0.154643		265	12.766	200	78.0897	0.003206
			16	221		228	3.16742	138	49.2747	0.003215		244	10.4072	681	240.929	0.159969		246	11.3122	426	231.084	0.026197
			17	208		221	6.25	247	78.9873	0.004756		235	12.9808	720	274.827	0.137587		231	11.0577	417	133.57	0.003369
			18	196		213	8.67347	324	128.086	0.005762		219	11.7347	904	283.214	0.14612		222	13.2653	486	212.212	0.035166
			19	186		206	10.7527	404	185.984	0.017529		209	12.3656	670	224.156	0.126473		214	15.0538	342	112.978	0.002729
			20	177		194	9.60452	370	151.776	0.060716		201	13.5593	798	227.359	0.140832		207	16.9492	630	192.567	0.002725
			21	170		184	8.23529	354	120.599	0.043091		194	14.1176	758	238.071	0.105337		191	12.3529	692	185.575	0.02295
			22	162		181	11.7284	291	88.4364	0.022857		186	14.8148	768	237.882	0.113511		188	16.0494	438	138.275	0.002888
			23	156		168	7.69231	354	87.4871	0.004337		177	13.4615	779	219.42	0.118228		174	11.5385	666	185.623	0.00363
			24	156		159	1.92308	306	126.965	0.001367		167	7.05128	708	194.587	0.121837		173	10.8974	469	122.601	0.002237
			25	156		158	1.28205	440	122.368	0.000963		158	1.28205	685	191.34	0.097302		156	0	546	167.266	0.004172

WEE-MAG.IN2   	75	3	500		502	0.4	7	4.58258	0.001111		505	1	521	495.232	0.431997		510	2	31	20.1246	0.216667
			4	375		379	1.06667	17	12.1244	0.001867		383	2.13333	416	362.21	0.333373		383	2.13333	33	23.4307	0.06756
			5	300		305	1.66667	26	14.0712	0.00265		306	2	337	285.564	0.246669		307	2.33333	36	20.2978	0.050096
			6	250		255	2	31	18.4662	0.00277		255	2	286	234.474	0.233851		257	2.8	43	20.664	0.061797
			7	215		217	0.930233	20	13.7113	0.001262		220	2.32558	261	201.129	0.177831		221	2.7907	48	26.0768	0.05277
			8	188		193	2.65957	45	21.2838	0.01782		195	3.7234	256	174.213	0.169647		196	4.25532	69	39.5095	0.013277
			9	167		171	2.39521	40	20.3961	0.002258		174	4.19162	241	150.934	0.142094		175	4.79042	251	155.193	0.045526
			10	150		157	4.66667	71	27.55	0.018581		157	4.66667	272	142.773	0.096216		158	5.33333	81	29.4109	0.021275
			11	137		141	2.91971	52	20.199	0.039055		141	2.91971	193	122.568	0.152698		144	5.10949	85	42.0357	0.023718
			12	125		133	6.4	97	34.3657	0.003316		136	8.8	269	123.422	0.115075		133	6.4	97	48.734	0.019955
			13	116		121	4.31034	74	24.779	0.022749		122	5.17241	209	104.809	0.097345		122	5.17241	87	30.545	0.038828
			14	108		114	5.55556	97	34.5977	0.020001		114	5.55556	211	100.643	0.082796		115	6.48148	226	99.3982	0.005059
			15	100		107	7	106	34.6699	0.003302		110	10	261	101.73	0.091103		110	10	151	55.0364	0.004137
			16	94		99	5.31915	85	28.9655	0.00376		101	7.44681	218	89.5656	0.065582		100	6.38298	101	30.348	0.038081
			17	89		93	4.49438	82	29.8664	0.002126		96	7.86517	229	84.9529	0.077457		95	6.74157	116	40.6694	0.002663
			18	84		91	8.33333	139	44.3734	0.003101		91	8.33333	230	80.9197	0.088756		93	10.7143	175	79.5299	0.002361
			19	84		89	5.95238	192	62.1611	0.026764		90	7.14286	301	92.0598	0.067036		90	7.14286	211	79.6304	0.024029
			20	77		82	6.49351	141	39.7869	0.003709		82	6.49351	248	74.5117	0.090648		84	9.09091	181	49.0408	0.004337
			21	72		78	8.33333	139	36.5103	0.020214		79	9.72222	239	80.8764	0.067529		78	8.33333	139	40.6325	0.005015
			22	69		73	5.7971	107	31.3209	0.002128		73	5.7971	224	69.1809	0.05668		74	7.24638	129	39.5095	0.045659
			23	66		71	7.57576	134	44.5197	0.002654		71	7.57576	205	65.5362	0.086968		71	7.57576	205	54.1941	0.002114
			24	66		69	4.54545	157	46.422	0.010111		70	6.06061	251	70.7319	0.066179		70	6.06061	181	63	0.002446
			25	66		68	3.0303	201	62.0564	0.024662		68	3.0303	317	79.9562	0.068162		69	4.54545	226	70.3847	0.003603
			26	65		67	3.07692	243	61.7819	0.004601		68	4.61538	337	82.4803	0.060346		68	4.61538	269	65.5973	0.002193
			27	63		66	4.7619	283	73.2462	0.016463		66	4.7619	395	89.3364	0.057822		66	4.7619	283	67.0895	0.00278
			28	63		65	3.1746	321	70.5479	0.027175		65	3.1746	408	88.7468	0.054881		65	3.1746	321	71.4353	0.020034
			29	63		65	3.1746	321	72.2703	0.017251		64	1.5873	421	88.6961	0.044215		62	-1.5873	361	72.0208	0.002532
			30	56		57	1.78571	211	46.4866	0.003425		62	10.7143	423	85.0353	0.052569		60	7.14286	361	74.9867	0.002883

ARC83.IN2   	83	3	25236		25309	0.289269	220	167.027	0.034261		25554	1.2601	26509	22179.3	21.4588		25634	1.57711	1195	831.45	11.163
			4	18927		19063	0.71855	545	505.942	0.130785		19272	1.82279	20653	15981.7	15.3697		19291	1.92318	1457	874.423	3.77856
			5	15142		15200	0.383041	293	151.463	0.055173		15667	3.46718	18295	12609.5	12.4126		15668	3.47378	2633	1384.49	2.81192
			6	12620		12712	0.729002	565	267.041	0.082348		13175	4.39778	16518	10280.4	10.4793		13273	5.17433	3931	1989.31	2.5047
			7	10826		11056	2.12452	1685	832.93	0.293995		11295	4.33216	14653	8413.21	9.04909		11455	5.81009	4478	2667.38	1.90705
			8	9554		9659	1.09902	1565	798.08	0.201764		9953	4.17626	13870	7491.56	8.2588		10010	4.77287	4373	2612.82	1.68906
			9	8499		8569	0.823626	1414	532.023	0.161905		8798	3.51806	12273	6380.72	7.45528		8826	3.84751	3727	1932.99	1.61996
			10	7580		7732	2.00528	1613	567.451	0.145762		8200	8.17942	14493	6620.9	6.68445		8197	8.13984	6263	2684.01	1.21553
			11	7084		7115	0.437606	2558	971.262	0.234568		7402	4.48899	13117	5574.77	6.09086		7435	4.95483	6078	2616.19	0.307315
			12	6412		6675	4.10168	4393	2037.11	0.3885		7090	10.5739	16463	6157.92	5.12017		7023	9.52901	8569	3783.45	0.095998
			13	5864		6019	2.64325	2540	1191.25	0.174393		6357	8.40723	13291	4886.13	4.89839		6404	9.20873	7545	3118.39	0.886608
			14	5441		5639	3.63904	3239	1114.33	0.21913		5934	9.06083	13303	4675.59	4.60798		5813	6.83698	5675	2488.4	0.359459
			15	5104		5263	3.1152	3238	1144.89	0.228997		5464	7.05329	11717	4111.45	4.81728		5463	7.0337	6238	2215.39	0.276145
			16	4850		4995	2.98969	4213	1426.94	0.27763		5180	6.80412	12353	3825.96	4.39023		5196	7.13402	7429	2591.9	0.134324
			17	4516		4722	4.56156	4567	1594.73	0.255453		4944	9.47741	13285	4740.56	3.91826		4946	9.5217	8375	2682.86	0.082205
			18	4317		4496	4.1464	5221	1833.42	0.293063		4754	10.1228	14619	4889.74	3.53611		4738	9.75214	9577	3824.88	0.056883
			19	4068		4299	5.67847	5974	1745.36	0.316812		4538	11.5536	15053	4551.72	3.30718		4511	10.8899	10002	3585.19	0.071353
			20	3882		4046	4.22463	5213	1642.23	0.266758		4378	12.7769	16231	4941.63	3.1164		4311	11.051	10513	3900.43	0.014125
			21	3691		3815	3.35952	4408	1335.02	0.125177		4113	11.4332	14779	4649.25	3.03916		4069	10.2411	5673	1775.45	0.031899
			22	3691		3694	0.0812788	5561	1720.9	0.001715		3967	7.47765	15534	4216.66	2.90452		3869	4.82254	9411	2912.73	0.025506

LUTZ2.IN2   	89	9	54		55	1.85185	10	6	0.00106		57	5.55556	85	50.0899	0.053711		57	5.55556	28	19.5959	0.009772
			10	49		51	4.08163	25	21.1424	0.001327		52	6.12245	87	46.5081	0.045252		51	4.08163	76	43.8178	0.041212
			11	45		45	0	10	4.89898	0.000668		47	4.44444	79	41.9643	0.0142		46	2.22222	21	9.84886	0.003854
			12	41		42	2.43902	19	8.42615	0.001064		42	2.43902	61	35.2562	0.06159		43	4.87805	31	15.1327	0.003119
			13	38		40	5.26316	35	23.8118	0.001394		39	2.63158	94	41.4246	0.030137		40	5.26316	35	24.2693	0.002784
			14	35		38	8.57143	47	24.0624	0.002521		38	8.57143	85	34.1321	0.071188		38	8.57143	47	16.5831	0.003245
			15	33		35	6.06061	40	26.6083	0.001652		34	3.0303	59	26.9629	0.038435		34	3.0303	25	10.1489	0.003005
			16	31		32	3.22581	27	9	0.001089		33	6.45161	76	28.7402	0.027085		33	6.45161	43	15.7797	0.002455
			17	29		31	6.89655	42	13.7113	0.00146		31	6.89655	73	26.4764	0.021496		31	6.89655	42	14.4222	0.02853
			18	28		29	3.57143	37	14.7986	0.01583		30	7.14286	85	27.2947	0.008716		29	3.57143	37	15.9687	0.034247
			19	26		28	7.69231	47	21.8403	0.020564		28	7.69231	84	26.6458	0.008977		28	7.69231	47	17.3494	0.012263
			20	25		27	8	55	22.6936	0.001492		26	4	85	26.8514	0.028584		26	4	35	12.8452	0.002445
			21	24		26	8.33333	35	12.9228	0.001547		26	8.33333	87	25.632	0.023376		26	8.33333	35	10.7238	0.001531
			22	23		25	8.69565	40	13.3417	0.001553		24	4.34783	75	22.383	0.008055		24	4.34783	67	21.5639	0.032595
			23	22		23	4.54545	44	13.5647	0.001476		23	4.54545	97	27.6225	0.01164		24	9.09091	43	13.8924	0.003484
			24	21		22	4.7619	43	12.53	0.036663		22	4.7619	82	21.9545	0.008324		22	4.7619	43	13.1529	0.021743
			25	20		21	5	40	13.1149	0.025205		21	5	70	19.2873	0.009172		22	10	65	16.3401	0.002117
			26	19		21	10.5263	40	12.4097	0.001683		21	10.5263	90	21.166	0.038073		21	10.5263	40	10.6771	0.002202
			27	19		20	5.26316	55	14.1774	0.00162		20	5.26316	108	26.533	0.046654		20	5.26316	55	16.5831	0.002048
			28	18		20	11.1111	55	17.2337	0.001717		19	5.55556	111	25.318	0.021337		19	5.55556	47	13.1529	0.002108

LUTZ3.IN2   	89	3	548		551	0.547445	9	8.06226	0.021742		552	0.729927	594	525.606	0.4772		551	0.547445	9	8.06226	0.273288
			4	411		420	2.18978	36	23.4094	0.019115		422	2.6764	466	411.57	0.353195		424	3.16302	52	35.7491	0.06914
			5	329		338	2.73556	46	41.1096	0.039418		342	3.95137	426	335.052	0.262219		344	4.55927	76	51.4782	0.063167
			6	275		281	2.18182	42	21.3073	0.00249		284	3.27273	344	275.59	0.260341		284	3.27273	60	51.788	0.056281
			7	236		243	2.9661	57	30.7083	0.024438		243	2.9661	300	232.818	0.194966		243	2.9661	57	27.1846	0.072234
			8	207		215	3.86473	76	43.8862	0.038069		215	3.86473	291	201.328	0.18126		216	4.34783	300	209.122	0.031334
			9	184		189	2.71739	57	24.0208	0.047281		189	2.71739	246	179.031	0.151263		191	3.80435	75	38.1445	0.03878
			10	165		176	6.66667	116	68.1175	0.046802		175	6.06061	281	163.11	0.153255		177	7.27273	126	59.6154	0.035721
			11	151		159	5.29801	105	42.9302	0.004635		166	9.93377	348	168.03	0.142063		165	9.27152	171	87.4243	0.007994
			12	138		145	5.07246	96	44.1135	0.003372		145	5.07246	241	135.355	0.162367		147	6.52174	120	56.6392	0.040884
			13	128		135	5.46875	111	41.9643	0.003607		137	7.03125	274	133.537	0.12192		137	7.03125	137	55.9732	0.031889
			14	118		127	7.62712	134	52.4976	0.014247		126	6.77966	264	127.664	0.104605		128	8.47458	148	59.3801	0.007408
			15	110		118	7.27273	126	64.5136	0.040302		120	9.09091	276	128.172	0.100827		121	10	171	56.5597	0.004076
			16	105		113	7.61905	164	60.597	0.027902		115	9.52381	311	117.427	0.09138		114	8.57143	180	57.5847	0.00431
			17	98		102	4.08163	90	28.2135	0.002452		105	7.14286	276	98.6205	0.083289		107	9.18367	175	54.4702	0.027308
			18	93		103	10.7527	210	69.7711	0.005019		101	8.60215	305	99.4133	0.074524		102	9.67742	192	67.6314	0.004587
			19	89		95	6.74157	161	54.9636	0.003581		96	7.86517	366	117.149	0.138099		98	10.1124	218	66.6183	0.003159
			20	85		90	5.88235	156	57.1839	0.004555		91	7.05882	297	95.7445	0.103736		94	10.5882	236	68.1762	0.002665
			21	80		89	11.25	225	64.5058	0.004447		89	11.25	314	100.379	0.091156		90	12.5	336	94.9105	0.002675
			22	76		88	15.7895	292	96.4261	0.005618		89	17.1053	403	114.869	0.100719		89	17.1053	314	92.6175	0.003075
			23	74		80	8.10811	196	54.5344	0.003072		81	9.45946	330	93.1021	0.096587		84	13.5135	288	94.3822	0.005177

MUKHERJE.IN2   	94	3	1403		1408	0.356379	16	9.69536	0.003416		1413	0.712758	1444	1360.24	2.00186		1414	0.784034	34	26.6458	1.00841
			4	1052		1053	0.095057	4	2.44949	0.001347		1069	1.61597	1137	1018.34	1.51009		1072	1.90114	80	74.135	0.350751
			5	844		847	0.35545	27	16.0312	0.003366		859	1.77725	946	809.501	1.2084		861	2.01422	97	72.8217	0.30576
			6	704		707	0.426136	34	17.8885	0.003481		719	2.13068	825	627.019	0.965637		722	2.55682	124	70.8096	0.258132
			7	621		629	1.28824	195	147.801	0.067232		630	1.44928	832	591.358	0.894388		633	1.93237	223	154.638	0.210281
			8	532		536	0.75188	80	54.6809	0.0319		539	1.31579	697	444.975	0.754551		541	1.69173	661	454.558	0.21932
			9	471		476	1.06157	76	40.9878	0.005706		485	2.9724	696	411.716	0.711329		484	2.76008	148	88.2496	0.16924
			10	424		428	0.943396	72	29.9666	0.031134		433	2.12264	683	356.251	0.649377		441	4.00943	202	108.711	0.14206
			11	391		397	1.53453	159	105.863	0.008592		400	2.30179	592	321.82	0.57691		402	2.8133	214	117.286	0.058025
			12	358		364	1.67598	160	74.8599	0.023099		365	1.95531	562	332.352	0.546216		375	4.7486	292	153.747	0.124013
			13	325		332	2.15385	108	62.2254	0.0375		335	3.07692	536	256.92	0.501878		343	5.53846	251	111.135	0.086438
			14	311		319	2.57235	258	155.66	0.037694		322	3.53698	622	273.397	0.455939		325	4.50161	342	167.278	0.020663
			15	288		300	4.16667	292	131.666	0.043929		301	4.51389	662	275.536	0.465372		305	5.90278	367	176.394	0.068932
			16	268		274	2.23881	176	63.3246	0.03858		280	4.47761	655	275.763	0.436703		288	7.46269	400	169.47	0.039052
			17	251		262	4.38247	246	94.2656	0.024205		265	5.57769	562	229.53	0.413493		266	5.9761	314	139.478	0.022375
			18	239		248	3.76569	256	97.0773	0.036041		248	3.76569	504	220.821	0.394569		251	5.02092	310	153.388	0.030127
			19	226		237	4.86726	295	107.727	0.012794		246	8.84956	712	252.056	0.344627		244	7.9646	672	244.184	0.016544
			20	220		234	6.36364	472	206.732	0.015954		231	5	643	209.492	0.345625		236	7.27273	748	271.068	0.045044
			21	208		215	3.36538	307	131.313	0.019256		223	7.21154	698	240.774	0.316906		224	7.69231	496	175.094	0.019321
			22	200		208	4	368	136.799	0.01171		208	4	630	225.477	0.337899		214	7	500	165.366	0.024628
			23	189		199	5.29101	369	123.835	0.030077		198	4.7619	544	165.807	0.313533		200	5.82011	392	131.24	0.022317
			24	179		186	3.91061	256	71.0634	0.020514		190	6.14525	542	189.61	0.292731		191	6.70391	567	179.156	0.082623
			25	172		180	4.65116	292	90.3659	0.006818		185	7.55814	627	191.549	0.27243		185	7.55814	417	142.292	0.005069
			26	171		178	4.09357	420	143.52	0.005418		179	4.67836	625	206.666	0.320107		179	4.67836	446	159.919	0.020923

ARC111.IN2   	111	3	50133		50151	0.0359045	54	39.1152	0.030761		51737	3.19949	56549	nan	80.4641		51735	3.1955	4806	4514.93	40.4635
			4	37600		37616	0.0425532	65	53.6936	0.032144		38135	1.42287	40529	37844.7	66.7218		38365	2.03457	3061	2420.13	18.4203
			5	30080		30209	0.428856	646	387.043	0.299067		31109	3.42088	38016	29048.6	59.1184		31302	4.0625	6111	4207.96	11.8036
			6	25067		25148	0.323134	489	265.543	0.155439		26315	4.97866	33806	26653.4	42.4914		26343	5.09036	7659	4813.83	9.19724
			7	21486		21931	2.07112	3118	2429.27	0.885972		22618	5.26855	30636	20700.1	37.3452		22852	6.35763	9565	6720.57	7.56567
			8	18800		18963	0.867021	1305	676.016	0.299025		20211	7.50532	31591	18888.9	31.9371		20266	7.79787	11729	6030.64	6.22718
			9	16711		16881	1.01729	1530	801.036	0.304798		17516	4.81719	27858	16978.8	29.772		17672	5.7507	8649	5996.78	6.37181
			10	15040		15660	4.12234	6201	3084.49	1.16858		16175	7.54654	31980	16777.7	26.4745		16194	7.67287	11541	6865.51	1.50578
			11	13673		14129	3.33504	5020	3354.27	0.956775		14977	9.53704	29416	14351.7	24.5845		15091	10.3708	15602	8822.71	2.63159
			12	12534		13052	4.13276	6225	3982.91	1.11782		13805	10.1404	29157	13387.1	22.2677		13883	10.7627	16197	11267.5	0.538165
			13	11570		11896	2.81763	4249	1676.19	0.638656		13069	12.9559	35402	15715.6	19.8096		12721	9.94814	14974	9735.85	0.637337
			14	10747		11121	3.48004	5295	2484.09	0.82614		11668	8.56983	26290	11213.2	19.2403		11656	8.45817	12785	5242.64	0.911087
			15	10035		10387	3.50772	5406	2355.45	0.71101		11084	10.4534	31819	13703.1	17.6669		11112	10.7324	16281	7919.94	0.091663
			16	9412		9798	4.10115	6369	2252.82	0.785657		10888	15.6821	37661	13467.1	15.5144		10628	12.9197	19649	7967.94	0.02418
			17	8855		9140	3.21852	4981	1838.7	0.549663		9839	11.1124	30204	11025.8	15.8835		9752	10.1299	15385	5509.11	0.185728
			18	8376		8669	3.49809	5643	2019.99	0.612157		9574	14.3028	36295	12365.4	14.7126		9431	12.5955	9928	3693.75	0.041975
			19	7920		8225	3.85101	5876	1724.7	0.624927		8762	10.6313	29446	9347.45	14.4153		8679	9.58333	14502	5651.22	0.105597
			20	7520		8051	7.06117	10621	3441.17	1.09813		8702	15.7181	32434	10041.8	12.8568		8414	11.8883	17881	6063.18	0.065382
			21	7181		7786	8.42501	13107	6555.66	1.29925		8146	13.4382	35058	10742	12.6391		8053	12.1432	18714	6640.1	0.035155
			22	6839		7405	8.27606	12511	5228.68	1.2223		8022	17.2978	34198	11161.7	11.7858		7909	15.6456	15690	6125.42	0.091108
			23	6551		6981	6.56388	10164	4513.82	0.944979		7721	17.8599	35644	10997.8	11.1621		7558	15.3717	23435	7655.82	0.063384
			24	6273		6670	6.32871	9681	4003.77	0.859753		7437	18.5557	35617	10054.1	10.6992		7254	15.6384	16443	6574.6	0.065356
			25	6085		6508	6.95152	12301	3419.83	1.09081		6993	14.9219	31510	9178.56	10.6356		6904	13.4593	22201	7242.53	0.107535
			26	5844		6156	5.33881	9657	2593.03	0.805501		6793	16.2389	33103	9077.58	10.3469		6628	13.4155	21929	6606.69	0.015702
			27	5689		5961	4.78116	10548	2908.16	0.591882		6487	14.0271	34072	9902.18	10.0836		6326	11.197	20403	6180.57	0.036802

BARTHOL2.IN2   	148	27	157		164	4.4586	194	75.6307	0.03323		166	5.73248	414	143.346	0.459891		167	6.36943	275	95.2943	0.039053
			28	152		159	4.60526	218	71.7356	0.01524		159	4.60526	411	138.3	0.500645		163	7.23684	330	120.441	0.014098
			29	146		154	5.47945	232	62.434	0.021937		156	6.84932	480	151.493	0.454738		155	6.16438	261	66.3099	0.039125
			30	142		147	3.52113	176	51.0294	0.032246		152	7.04225	478	147.268	0.422553		151	6.33803	447	158.509	0.057907
			31	137		144	5.10949	230	60.597	0.03087		147	7.29927	470	146.581	0.4218		144	5.10949	230	81.2404	0.035024
			32	133		140	5.26316	246	60.2163	0.030092		141	6.01504	419	129.317	0.399247		140	5.26316	246	75.9078	0.047064
			33	129		136	5.42636	254	66.0303	0.039728		136	5.42636	390	126.404	0.394121		137	6.20155	287	93.7923	0.010918
			34	125		130	4	186	51.1664	0.028643		132	5.6	386	120.839	0.381332		134	7.2	456	137.354	0.029871
			35	121		131	8.26446	220	64.5755	0.05937		130	7.43802	494	148.196	0.356235		130	7.43802	316	76.3806	0.051719
			36	118		125	5.9322	266	68.2202	0.042436		127	7.62712	513	131.7	0.364897		126	6.77966	428	116.413	0.04472
			37	115		122	6.08696	280	63.498	0.040819		125	8.69565	550	155.055	0.343343		126	9.56522	428	136.132	0.022824
			38	112		120	7.14286	326	106.64	0.045716		126	12.5	680	171.738	0.312585		122	8.92857	402	113.657	0.045175
			39	109		119	9.17431	407	102.942	0.036557		121	11.0092	646	152.971	0.337303		119	9.17431	407	97.2163	0.033183
			40	106		114	7.54717	326	78.3709	0.03459		116	9.43396	522	124.322	0.331449		119	12.2642	526	131.651	0.014088
			41	104		110	5.76923	276	62.9921	0.029744		114	9.61539	602	140.399	0.332183		115	10.5769	366	82	0.029728
			42	101		108	6.93069	302	69.527	0.028675		109	7.92079	549	128.183	0.32549		110	8.91089	386	92.6823	0.010194
			43	99		108	9.09091	410	93.2631	0.034544		107	8.08081	474	112.632	0.314765		107	8.08081	474	110.164	0.009505
			44	97		106	9.27835	430	91.3893	0.034674		106	9.27835	624	136.176	0.323565		105	8.24742	386	90.8955	0.019561
			45	95		102	7.36842	356	79.8874	0.029006		104	9.47368	550	111.66	0.303174		103	8.42105	504	109.353	0.030693
			46	93		100	7.52688	366	67.8528	0.033278		102	9.67742	560	120.3	0.276527		100	7.52688	366	81.9878	0.029636
			47	91		100	9.89011	466	106.555	0.060904		100	9.89011	600	123.976	0.298406		101	10.989	513	116.374	0.00922
			48	89		96	7.86517	278	72.0278	0.014746		98	10.1124	568	113.534	0.297144		98	10.1124	470	114.184	0.027176
			49	87		93	6.89655	323	66.2042	0.021298		95	9.1954	550	110.734	0.267939		95	9.1954	421	83.2286	0.050952
			50	85		93	9.41177	416	92.0652	0.024872		94	10.5882	560	115.629	0.308525		94	10.5882	372	94.5621	0.023319
			51	84		90	7.14286	356	83.3307	0.01759		91	8.33333	572	119.507	0.301648		90	7.14286	356	73.9053	0.024686

BARTHOLD.IN2   	148	3	1878		1880	0.106496	6	4.24264	0.029224		1883	0.266241	1898	1835.54	4.85243		1885	0.372737	21	17.2337	2.4115
			4	1409		1411	0.141945	10	7.34847	0.004137		1415	0.425834	1441	1381.46	3.65869		1418	0.638751	38	25.5343	0.919971
			5	1127		1130	0.266193	16	8.60233	0.005874		1135	0.709849	1176	1116.69	2.98039		1137	0.887311	51	27.8029	0.728664
			6	939		943	0.425985	24	18.3848	0.004957		946	0.745474	1054	927.835	2.53665		958	2.02343	114	76.7724	0.618235
			7	805		810	0.621118	36	16.3095	0.026418		810	0.621118	846	776.835	2.18965		814	1.11801	64	27.2397	0.555694
			8	705		707	0.283688	22	11.8322	0.039869		708	0.425532	738	661.182	1.90053		710	0.70922	46	20.6882	0.479368
			9	626		631	0.798722	45	18.0831	0.029401		631	0.798722	676	597.732	1.73557		633	1.11821	63	37.2424	0.424715
			10	564		570	1.06383	66	47.7493	0.028796		571	1.24113	647	539.158	1.54494		572	1.41844	86	55.7136	0.211277
			11	513		517	0.779727	53	23.8118	0.006013		517	0.779727	570	471.158	1.41514		531	3.50877	207	129.981	0.164032
			12	470		474	0.851064	54	23.2809	0.026774		481	2.34043	692	463.869	1.36918		477	1.48936	90	39.8748	0.14459
			13	434		447	2.99539	177	113.547	0.051945		456	5.06912	750	473.297	1.20027		457	5.29954	307	211.96	0.095309
			14	403		412	2.23325	134	60.8933	0.029085		443	9.92556	1011	565.504	1.05773		433	7.44417	428	359.714	0.072557
			15	383		384	0.261097	126	65.2687	0.002026		404	5.48303	864	507.212	1.03479		405	5.74413	441	334.091	0.07071

SCHOLL.IN2   	297	25	2787		2906	4.26982	2995	1602.41	1.17294		2924	4.91568	6369	2275.36	24.3795		2941	5.52565	3870	1754.48	1.26345
			26	2680		2757	2.87313	2027	961.784	0.773843		2806	4.70149	6107	2129.82	23.5962		2816	5.07463	3561	1640.29	1.96502
			27	2580		2657	2.9845	2084	968.837	0.74771		2685	4.06977	5525	1870.53	22.9779		2683	3.99225	5469	1860.16	2.19421
			28	2488		2551	2.53215	1773	489.554	0.645378		2580	3.69775	5165	1695.47	22.3791		2575	3.49678	2445	750.433	2.23417
			29	2402		2439	1.54038	1076	259.253	0.393587		2476	3.08077	4625	1778.57	21.6413		2488	3.58035	2497	701.657	0.696521
			30	2322		2391	2.97158	2075	594.102	0.693402		2393	3.05771	4528	1735.9	21.1095		2404	3.53144	2465	674.667	0.659008
			31	2247		2322	3.33778	2327	728.975	0.740651		2341	4.18336	6650	2596.35	20.3125		2352	4.6729	3257	927.307	1.25895
			32	2177		2238	2.80202	1961	504.471	0.627493		2252	3.44511	5188	1815.79	19.8809		2262	3.90446	2729	922.43	0.556549
			33	2111		2174	2.98437	2087	553.027	0.655578		2213	4.83183	5587	1799.15	18.9833		2216	4.97395	3473	1328.22	0.342093
			34	2049		2119	3.4163	2391	684.372	0.71155		2137	4.29478	5140	1531.31	18.7353		2143	4.5876	3207	1107.94	0.36738
			35	1991		2045	2.7122	1920	505.599	0.572963		2115	6.22803	6485	2133.29	17.7712		2108	5.87644	4125	1508.43	0.156726
			36	1935		2037	5.27132	3677	1327.72	1.07349		2086	7.80362	7527	2257.03	17.12		2061	6.51163	6602	2099.16	0.153006
			37	1883		1987	5.5231	3864	1187.65	1.09082		2033	7.96601	7599	2466.2	16.5883		2042	8.44397	5899	1999.21	0.170802
			38	1834		1929	5.17993	3647	948.767	0.959146		2013	9.76009	8852	2569.27	15.9448		1990	8.506	5965	1653.41	0.165559
			39	1787		1870	4.64466	3275	963.093	0.847691		1935	8.28204	7745	2274.86	15.7787		1939	8.50588	5966	1631.2	0.225091
			40	1742		1816	4.24799	2985	809.525	0.786228		1886	8.26636	7671	2175.76	15.5016		1879	7.86452	3626	1041.47	0.193047
			41	1700		1769	4.05882	2874	720.305	0.733491		1829	7.58824	7163	1903.45	14.9666		1822	7.17647	3225	863.623	0.154295
			42	1659		1723	3.85775	2711	599.26	0.639425		1775	6.99216	6670	1686.72	13.9384		1773	6.87161	6584	1761.72	0.13229
			43	1621		1689	4.19494	2972	605.445	0.665316		1747	7.77298	7213	2070.26	13.5864		1735	7.0327	3215	784.419	0.157849
			44	1584		1667	5.2399	3693	1107.31	0.822233		1686	6.43939	6215	1481.45	13.2315		1684	6.31313	4441	1228.6	0.430746
			45	1549		1624	4.84183	3425	1017.09	0.751768		1647	6.32666	6107	1463.4	13.0271		1649	6.45578	4550	1194.5	0.296326
			46	1515		1593	5.14851	3623	980.515	0.774728		1609	6.20462	7361	2013.37	12.868		1612	6.40264	4497	1148.71	0.248667
			47	1483		1554	4.78759	3383	951.192	0.692658		1608	8.42886	7529	1891.58	12.2978		1593	7.4174	5216	1588.11	0.105948
			48	1452		1533	5.57851	3929	979.881	0.807179		1559	7.36915	6736	1768.33	11.1721		1552	6.88705	4841	1314.33	0.120459
			49	1423		1517	6.60576	4678	1489.24	0.830744		1532	7.65987	6945	1766.69	10.7879		1529	7.44905	5266	1493.16	0.221512
			50	1394		1479	6.09756	4295	1354.31	0.776645		1494	7.1736	6539	1597.66	10.5712		1495	7.24534	6590	1768.54	0.266602
			51	1386		1447	4.40115	4142	1296.18	0.480794		1468	5.91631	6681	1635.54	9.28545		1473	6.27706	5468	1440.55	0.232139
			52	1386		1414	2.0202	3873	1235.91	0.225447		1428	3.0303	6029	1559.94	9.17287		1434	3.4632	4913	1454.55	0.132156

