-------------------------------------------------------------------------------------------------------------------------------------------------------------------------------------------------------

								Lower Bound					Upper Bound					Binary Search
						---------------------------------------------		---------------------------------------------		---------------------------------------------
Problem		n	m	c*		c	%dev	BD	SX	CPU(time)		c	%dev	BD	SX	CPU(time)		c	%dev	BD	SX	CPU(time)

-------------------------------------------------------------------------------------------------------------------------------------------------------------------------------------------------------
BUXEY.IN2   	29	7	47		52	10.6383	40	21.2132	0.000481		52	10.6383	92	42.4735	0.002875		52	10.6383	40	21.2132	0.000799
			8	41		44	7.31707	28	14	0.000338		44	7.31707	92	39.4968	0.003083		44	7.31707	28	14	0.000536
			9	37		41	10.8108	45	20.2237	0.000421		41	10.8108	106	43.2435	0.002021		41	10.8108	45	20.2237	0.000492
			10	34		37	8.82353	46	23.3238	0.000622		37	8.82353	103	38.8458	0.0019		37	8.82353	46	23.3238	0.000472
			11	32		34	6.25	50	21.166	0.00049		34	6.25	84	31.496	0.001718		34	6.25	50	21.166	0.000382
			12	28		32	14.2857	60	26.4197	0.000441		32	14.2857	92	29.5973	0.00168		32	14.2857	60	26.4197	0.000387
			13	27		30	11.1111	66	23.1948	0.000452		30	11.1111	96	29.9333	0.00146		29	7.40741	82	26.7955	0.000395
			14	25		28	12	68	23.8328	0.000314		28	12	96	28	0.001689		28	12	68	23.8328	0.000518

SAWYER30.IN2   	30	7	47		52	10.6383	40	29.5296	0.000472		52	10.6383	94	44.6542	0.002485		52	10.6383	40	29.5296	0.000597
			8	41		47	14.6341	52	32.4962	0.000527		47	14.6341	99	53.0566	0.002164		47	14.6341	52	32.4962	0.000414
			9	37		42	13.5135	54	30.4302	0.000536		42	13.5135	98	39.6485	0.00214		42	13.5135	54	30.4302	0.000424
			10	34		35	2.94118	26	13.8564	0.000472		35	2.94118	84	28.9828	0.002416		35	2.94118	26	13.8564	0.000525
			11	31		35	12.9032	26	13.8564	0.000491		35	12.9032	98	34.4964	0.001657		34	9.67742	84	30.4959	0.000367
			12	28		32	14.2857	60	25.0599	0.000428		32	14.2857	108	36.4966	0.001705		32	14.2857	60	25.0599	0.000382
			13	26		30	15.3846	66	21.4942	0.000459		30	15.3846	112	37.3363	0.001446		29	11.5385	82	27.1293	0.000375
			14	25		26	4	40	17.2627	0.000181		29	16	127	39.3065	0.001318		26	4	40	17.2627	0.000696

LUTZ1.IN2   	32	8	1860		1952	4.94624	1476	745.67	0.011988		1952	4.94624	4120	1858.1	0.114956		1952	4.94624	1476	745.67	0.029373
			9	1638		1740	6.22711	1520	609.938	0.025345		1740	6.22711	3952	1755.93	0.188507		1740	6.22711	1520	609.938	0.047876
			10	1526		1628	6.68414	2140	822.625	0.042099		1628	6.68414	3964	1652	0.132176		1628	6.68414	2140	822.625	0.036291
			11	1400		1472	5.14286	2052	699.514	0.006298		1472	5.14286	3524	1468.3	0.175229		1472	5.14286	2052	699.514	0.027524
			12	1400		1400	0	2660	1297.83	7.4e-05		1346	-3.85714	3358	1432.86	0.166612		1400	0	2660	1297.83	0.010364

GUNTHER.IN2   	35	6	84		87	3.57143	39	20.025	0.00113		87	3.57143	128	58.6174	0.00635		87	3.57143	39	20.025	0.001493
			7	72		77	6.94444	56	37.1753	0.000785		77	6.94444	135	61.9112	0.005505		77	6.94444	56	37.1753	0.001124
			8	63		69	9.52381	69	39.6358	0.000904		69	9.52381	140	54.4426	0.004858		69	9.52381	69	39.6358	0.000875
			9	54		61	12.963	66	30.7246	0.052247		61	12.963	129	50.4083	0.005426		61	12.963	66	30.7246	0.000856
			10	50		52	4	37	16.7631	0.000499		52	4	133	57.4891	0.011643		52	4	37	16.7631	0.001062
			11	48		52	8.33333	37	16.7631	0.001284		52	8.33333	143	58.3524	0.003668		52	8.33333	37	16.7631	0.000625
			12	44		48	9.09091	93	38.7943	0.020742		48	9.09091	143	49.3052	0.003064		48	9.09091	93	38.7943	0.000625
			13	42		45	7.14286	102	40.1746	0.00063		45	7.14286	149	49.8698	0.002928		45	7.14286	102	40.1746	0.026988
			14	40		42	5	105	40.1123	0.00032		42	5	189	63.5059	0.002989		42	5	105	40.1123	0.001447
			15	40		42	5	105	40.1123	0.000329		42	5	191	63.5374	0.027911		41	2.5	214	72.0555	0.000587

KILBRID.IN2   	45	3	184		187	1.63043	9	7.28011	0.000445		187	1.63043	201	182.338	0.053486		187	1.63043	9	7.28011	0.011768
			4	138		147	6.52174	36	27.8209	0.001144		147	6.52174	183	144.786	0.026479		147	6.52174	36	27.8209	0.003302
			5	111		119	7.20721	43	29.1033	0.001446		119	7.20721	184	113.895	0.024761		119	7.20721	43	29.1033	0.002629
			6	92		96	4.34783	24	11.8322	0.014519		96	4.34783	167	103.417	0.021183		96	4.34783	24	11.8322	0.00266
			7	79		82	3.79747	22	10.8628	0.000731		82	3.79747	114	72.7186	0.011031		82	3.79747	22	10.8628	0.013883
			8	69		78	13.0435	72	45.8694	0.001649		78	13.0435	150	86.3597	0.008345		78	13.0435	72	45.8694	0.00165
			9	62		69	11.2903	69	59.2874	0.001151		69	11.2903	160	75.0733	0.034761		69	11.2903	69	59.2874	0.00245
			10	56		60	7.14286	48	23.7487	0.000953		60	7.14286	130	53.0471	0.012074		60	7.14286	48	23.7487	0.001744
			11	55		55	0	53	23.0868	0.000385		53	-3.63636	106	48.2908	0.009428		55	0	53	23.0868	0.002711

HAHN.IN2   	53	3	4787		5133	7.22791	1373	1127.57	0.145576		5133	7.22791	6506	4327.76	1.29779		5133	7.22791	1373	1127.57	0.55879
			4	3677		3719	1.14224	850	714.531	0.063168		3719	1.14224	4569	3177.98	1.24343		3719	1.14224	850	714.531	0.258347
			5	2823		2830	0.247963	124	72.8697	0.004312		2830	0.247963	2954	2056.1	0.822928		2830	0.247963	124	72.8697	0.239079
			6	2400		2618	9.08333	1682	1195.73	0.099931		2618	9.08333	4300	2184.73	0.607157		2618	9.08333	1682	1195.73	0.10431
			7	2336		2418	3.51027	2900	1874.59	0.136458		2418	3.51027	5318	2536.84	0.499664		2418	3.51027	2900	1874.59	0.030965
			8	1907		2005	5.13896	2014	1232.32	0.081979		2088	9.49135	4766	2115.45	0.432219		2088	9.49135	2678	1436.66	0.03509
			9	1827		1827	0	2417	1189.81	0.00937		1827	0	4244	1772.97	0.447443		1827	0	2417	1189.81	0.103685
			10	1775		1792	0.957747	3894	1684.4	0.005224		1792	0.957747	5686	2206.91	0.329102		1792	0.957747	3894	1684.4	0.009215

WARNECKE.IN2   	58	3	516		533	3.29457	51	40.1622	0.014694		533	3.29457	584	519.771	0.176836		533	3.29457	51	40.1622	0.066388
			4	387		401	3.61757	56	39.0896	0.002623		401	3.61757	457	388.264	0.11475		401	3.61757	56	39.0896	0.033267
			5	310		325	4.83871	77	47.7179	0.006549		325	4.83871	402	314.277	0.102266		325	4.83871	77	47.7179	0.037201
			6	258		269	4.26357	66	42.0951	0.002092		269	4.26357	335	257.901	0.071762		269	4.26357	66	42.0951	0.019858
			7	222		230	3.6036	62	33.4365	0.001919		230	3.6036	292	217.697	0.081813		230	3.6036	62	33.4365	0.021241
			8	194		204	5.15464	84	38.4708	0.002219		204	5.15464	303	205.341	0.064988		204	5.15464	84	38.4708	0.007546
			9	172		182	5.81395	90	40.6448	0.002015		182	5.81395	287	181.419	0.054005		182	5.81395	90	40.6448	0.019565
			10	155		167	7.74194	122	71.1477	0.002627		167	7.74194	355	159.019	0.064551		167	7.74194	122	71.1477	0.005699
			11	142		152	7.04225	124	51.4587	0.002708		152	7.04225	276	150.798	0.056172		152	7.04225	124	51.4587	0.006111
			12	130		145	11.5385	192	89.9778	0.003673		145	11.5385	352	159.862	0.048875		145	11.5385	192	89.9778	0.00222
			13	120		129	7.5	129	46.2925	0.002225		129	7.5	324	127.695	0.042662		129	7.5	129	46.2925	0.004897
			14	111		119	7.20721	118	45.8912	0.004158		119	7.20721	259	100.394	0.063195		119	7.20721	118	45.8912	0.017927
			15	104		114	9.61539	162	55.7853	0.00249		114	9.61539	298	104.862	0.047424		114	9.61539	162	55.7853	0.002591
			16	98		109	11.2245	196	75.4586	0.002952		109	11.2245	327	109.366	0.028603		109	11.2245	196	75.4586	0.003407
			17	92		102	10.8696	186	62.0484	0.015973		102	10.8696	310	101.568	0.029376		102	10.8696	186	62.0484	0.010641
			18	87		97	11.4943	198	64.8383	0.002619		97	11.4943	295	101.799	0.082298		97	11.4943	198	64.8383	0.002894
			19	84		94	11.9048	238	93.6162	0.007006		94	11.9048	347	118.097	0.026241		94	11.9048	238	93.6162	0.002234
			20	79		91	15.1899	272	95.4777	0.003537		91	15.1899	363	112.637	0.03493		91	15.1899	272	95.4777	0.005664
			21	76		86	13.1579	258	91.3345	0.003361		86	13.1579	344	109.964	0.025528		86	13.1579	258	91.3345	0.003253
			22	73		85	16.4384	322	106.892	0.035122		85	16.4384	407	119.528	0.03846		85	16.4384	322	106.892	0.00176
			23	69		81	17.3913	315	102.621	0.003621		81	17.3913	411	117.137	0.022132		81	17.3913	315	102.621	0.001801
			24	66		78	18.1818	324	91.4112	0.003613		78	18.1818	417	113.882	0.019541		78	18.1818	324	91.4112	0.001544
			25	64		75	17.1875	327	87.7553	0.004622		75	17.1875	424	99.7697	0.020477		75	17.1875	327	87.7553	0.001532
			26	64		72	12.5	324	81.1295	0.004127		72	12.5	418	101.371	0.02241		72	12.5	324	81.1295	0.001531
			27	60		68	13.3333	288	78.6511	0.002985		68	13.3333	378	93.2202	0.021977		68	13.3333	288	78.6511	0.001906
			28	59		67	13.5593	328	86.2206	0.003139		67	13.5593	417	95.7236	0.039952		67	13.5593	328	86.2206	0.001643
			29	56		66	17.8571	366	88.7356	0.004426		66	17.8571	432	103.441	0.040727		64	14.2857	372	92.7577	0.001549

TONGE70.IN2   	70	3	1170		1178	0.683761	24	17.2047	0.001874		1178	0.683761	1202	1152.42	0.582161		1178	0.683761	24	17.2047	0.330209
			4	878		887	1.02506	38	28.8097	0.002472		887	1.02506	984	862.67	0.415969		887	1.02506	38	28.8097	0.10925
			5	702		723	2.99145	105	82.5893	0.004848		723	2.99145	887	711.832	0.333178		723	2.99145	105	82.5893	0.071913
			6	585		596	1.88034	66	36.3043	0.002657		596	1.88034	721	573.621	0.294649		596	1.88034	66	36.3043	0.07052
			7	502		521	3.78486	137	91.0988	0.010083		521	3.78486	717	505.394	0.233621		521	3.78486	137	91.0988	0.063304
			8	439		458	4.32802	154	101.882	0.00504		458	4.32802	638	452.767	0.228865		458	4.32802	154	101.882	0.056939
			9	391		402	2.8133	108	44.2945	0.003208		402	2.8133	510	379.492	0.202914		402	2.8133	108	44.2945	0.038939
			10	352		373	5.96591	220	112.446	0.005704		373	5.96591	652	382.643	0.178609		373	5.96591	220	112.446	0.037351
			11	320		341	6.5625	241	97.5449	0.011897		341	6.5625	608	341.626	0.140727		341	6.5625	241	97.5449	0.043676
			12	294		329	11.9048	438	167.362	0.010508		329	11.9048	811	362.347	0.186948		329	11.9048	438	167.362	0.006478
			13	271		299	10.3321	377	140.957	0.007883		299	10.3321	763	287.38	0.118698		299	10.3321	377	140.957	0.021872
			14	251		270	7.56972	270	106.827	0.005947		270	7.56972	566	276.648	0.131532		270	7.56972	270	106.827	0.042118
			15	235		269	14.4681	525	251.08	0.021243		269	14.4681	794	309.105	0.103223		269	14.4681	525	251.08	0.002677
			16	221		244	10.4072	394	159.009	0.007274		244	10.4072	725	236.167	0.14617		244	10.4072	394	159.009	0.019026
			17	208		243	16.8269	621	216.271	0.021319		243	16.8269	864	307.47	0.111519		243	16.8269	621	216.271	0.002672
			18	196		226	15.3061	558	195.141	0.008729		226	15.3061	784	288.402	0.187801		226	15.3061	558	195.141	0.007023
			19	186		216	16.129	594	223.732	0.009444		216	16.129	836	288.881	0.150001		216	16.129	594	223.732	0.005168
			20	177		208	17.5141	650	238.063	0.024015		208	17.5141	884	301.983	0.08125		208	17.5141	650	238.063	0.004131
			21	170		205	20.5882	795	257.455	0.015486		205	20.5882	1026	295.584	0.086924		205	20.5882	795	257.455	0.002674
			22	162		196	20.9877	802	237.061	0.012047		196	20.9877	1042	300.207	0.085105		196	20.9877	802	237.061	0.002479
			23	156		181	16.0256	653	168.739	0.020493		181	16.0256	893	243.801	0.070248		181	16.0256	653	168.739	0.007418
			24	156		178	14.1026	762	200.195	0.017338		178	14.1026	999	278.433	0.070396		178	14.1026	762	200.195	0.019357
			25	156		158	1.28205	440	127.75	0.017283		158	1.28205	657	197.997	0.075301		158	1.28205	440	127.75	0.02519

WEE-MAG.IN2   	75	3	500		503	0.6	10	8.24621	0.001162		503	0.6	513	478.724	0.260065		503	0.6	10	8.24621	0.114553
			4	375		383	2.13333	33	23.3452	0.002383		383	2.13333	416	359.341	0.189522		383	2.13333	33	23.3452	0.038085
			5	300		310	3.33333	51	26.5895	0.01459		310	3.33333	361	287.202	0.11913		310	3.33333	51	26.5895	0.03295
			6	250		255	2	31	16.3401	0.00323		255	2	286	231.931	0.133347		255	2	31	16.3401	0.02372
			7	215		224	4.18605	69	30.9031	0.003525		224	4.18605	293	202.798	0.107618		224	4.18605	69	30.9031	0.022406
			8	188		196	4.25532	69	31.257	0.004209		196	4.25532	265	175.411	0.089888		196	4.25532	69	31.257	0.023673
			9	167		178	6.58683	103	41.4849	0.003313		178	6.58683	281	160.633	0.084209		178	6.58683	103	41.4849	0.010049
			10	150		160	6.66667	101	41.1218	0.003402		160	6.66667	261	143.517	0.103643		160	6.66667	101	41.1218	0.01981
			11	137		145	5.83942	96	35.8329	0.010668		145	5.83942	241	127.707	0.068392		145	5.83942	96	35.8329	0.022872
			12	125		130	4	61	26.4764	0.001901		130	4	240	115.741	0.067471		130	4	61	26.4764	0.019929
			13	116		122	5.17241	87	36.647	0.002099		125	7.75862	251	111.987	0.065539		125	7.75862	126	45.7821	0.005819
			14	108		115	6.48148	111	50.3686	0.002354		115	6.48148	226	99.6995	0.040835		115	6.48148	111	50.3686	0.024998
			15	100		112	12	181	55.5428	0.003717		112	12	293	105.19	0.038583		112	12	181	55.5428	0.002442
			16	94		101	7.44681	117	36.8103	0.004103		101	7.44681	267	94.8103	0.055952		101	7.44681	117	36.8103	0.005281
			17	89		95	6.74157	116	37.7889	0.002172		95	6.74157	211	83.6361	0.045595		95	6.74157	116	37.7889	0.017813
			18	84		93	10.7143	175	53.1695	0.003003		93	10.7143	268	90.1221	0.033785		93	10.7143	175	53.1695	0.021336
			19	84		91	8.33333	230	69.8713	0.014159		91	8.33333	321	94.8103	0.039435		91	8.33333	230	69.8713	0.009884
			20	77		87	12.987	241	68.4178	0.015419		87	12.987	353	94.7365	0.034744		87	12.987	241	68.4178	0.014623
			21	72		79	9.72222	160	41.7373	0.002555		79	9.72222	288	78.8162	0.034661		79	9.72222	160	41.7373	0.003507
			22	69		76	10.1449	173	44.5758	0.002659		76	10.1449	249	71.7008	0.025237		76	10.1449	173	44.5758	0.002118
			23	66		72	9.09091	157	46.5296	0.00228		72	9.09091	229	71.8401	0.049561		72	9.09091	157	46.5296	0.003801
			24	66		71	7.57576	205	68.7532	0.003208		71	7.57576	276	76.0132	0.043657		71	7.57576	205	68.7532	0.012432
			25	66		70	6.06061	251	72.4638	0.003385		70	6.06061	321	82.7466	0.032293		70	6.06061	251	72.4638	0.006991
			26	65		69	6.15385	295	78.9367	0.003782		69	6.15385	389	91.351	0.039837		69	6.15385	295	78.9367	0.024616
			27	63		68	7.93651	337	77.5822	0.014464		68	7.93651	405	91.7551	0.024437		67	6.34921	377	87.3899	0.002127
			28	63		66	4.7619	349	83.1324	0.004181		66	4.7619	415	89.6716	0.03506		65	3.1746	386	85.0882	0.001858
			29	63		65	3.1746	386	85.0882	0.004528		65	3.1746	476	96.1873	0.033089		62	-1.5873	423	84.7172	0.002022
			30	56		64	14.2857	421	83.3966	0.012443		64	14.2857	485	94.8314	0.021814		60	7.14286	361	73.885	0.00189

ARC83.IN2   	83	3	25236		25332	0.380409	289	229.915	0.067611		25332	0.380409	25621	21882.6	15.5058		25332	0.380409	289	229.915	7.24817
			4	18927		19319	2.07112	1569	1119.06	0.223827		19319	2.07112	20888	16065.5	11.8514		19319	2.07112	1569	1119.06	3.13459
			5	15142		15551	2.7011	2048	1170.72	0.306786		15551	2.7011	17599	12274.4	11.1475		15551	2.7011	2048	1170.72	2.89422
			6	12620		13137	4.09667	3115	1674.41	0.447206		13137	4.09667	16252	10214.2	10.0386		13137	4.09667	3115	1674.41	2.41107
			7	10826		11106	2.58637	2035	944.219	0.252689		11106	2.58637	13141	7858.84	9.18737		11106	2.58637	2035	944.219	2.07686
			8	9554		10091	5.62068	5021	2472.42	0.592113		10091	5.62068	15112	7515.41	8.04207		10091	5.62068	5021	2472.42	1.75579
			9	8499		8765	3.12978	3178	1351.57	0.302014		8765	3.12978	11943	6328.78	6.7747		8765	3.12978	3178	1351.57	1.4809
			10	7580		7837	3.3905	2663	1024.67	0.234241		7837	3.3905	10500	5133.03	6.05914		7837	3.3905	2663	1024.67	1.45238
			11	7084		7362	3.92434	5275	2364.33	0.389758		7362	3.92434	12637	5369.72	5.48488		7362	3.92434	5275	2364.33	1.10268
			12	6412		7091	10.5895	9385	3515.77	0.69426		7091	10.5895	16476	6127.33	4.88027		7091	10.5895	9385	3515.77	0.37483
			13	5864		6358	8.42428	6947	2495.03	0.490538		6358	8.42428	13305	4737.64	4.59979		6358	8.42428	6947	2495.03	0.840554
			14	5441		5780	6.23047	5213	1813.11	0.351228		5780	6.23047	10993	4070.96	4.48705		5780	6.23047	5213	1813.11	0.940012
			15	5104		5337	4.56505	4348	1470.19	0.285631		5337	4.56505	9685	3167.04	4.30073		5337	4.56505	4348	1470.19	1.1593
			16	4850		5320	9.69072	9413	3234.78	0.529805		5320	9.69072	14733	4308.74	3.83561		5320	9.69072	9413	3234.78	0.020403
			17	4516		4991	10.5182	9140	2736.53	0.543583		4991	10.5182	14131	4775.15	3.50997		4991	10.5182	9140	2736.53	0.585563
			18	4317		4674	8.26963	8425	2695.35	0.479154		4674	8.26963	13099	4392.72	3.48573		4674	8.26963	8425	2695.35	0.587315
			19	4068		4409	8.3825	8064	2266.28	0.429053		4409	8.3825	12473	4158.95	3.60891		4409	8.3825	8064	2266.28	0.561693
			20	3882		4227	8.88717	8833	2513.6	0.385499		4227	8.88717	13060	4066.32	3.19115		4227	8.88717	8833	2513.6	0.290667
			21	3691		4153	12.5169	11506	3836.29	0.489768		4153	12.5169	15659	4843.19	2.925		4153	12.5169	11506	3836.29	0.088825
			22	3691		3921	6.23137	10555	3138.09	0.233		3990	8.10079	16063	4431.45	2.95451		3990	8.10079	12073	3601.99	0.558535

LUTZ2.IN2   	89	9	54		56	3.7037	19	9	0.001449		56	3.7037	75	48.4252	0.058907		56	3.7037	19	9	0.004898
			10	49		52	6.12245	35	19.5192	0.001861		52	6.12245	87	45.7275	0.053451		52	6.12245	35	19.5192	0.003511
			11	45		47	4.44444	32	13.2665	0.001643		47	4.44444	79	40.7799	0.032354		47	4.44444	32	13.2665	0.01797
			12	41		42	2.43902	19	7.54983	0.018009		42	2.43902	70	36.3593	0.020762		42	2.43902	19	7.54983	0.003468
			13	38		39	2.63158	22	8.48528	0.001024		39	2.63158	85	37.1618	0.070851		39	2.63158	22	8.48528	0.021531
			14	35		38	8.57143	47	16.2788	0.019787		38	8.57143	102	37.8682	0.015466		38	8.57143	47	16.2788	0.001695
			15	33		36	9.09091	55	19.6214	0.001887		36	9.09091	91	32.665	0.024598		36	9.09091	55	19.6214	0.002606
			16	31		33	6.45161	43	14.5945	0.001439		33	6.45161	85	31.1288	0.058549		33	6.45161	43	14.5945	0.022635
			17	29		31	6.89655	42	13.8564	0.001421		31	6.89655	73	26.1343	0.024976		31	6.89655	42	13.8564	0.02371
			18	28		30	7.14286	55	23.5584	0.024042		30	7.14286	85	28.0535	0.042789		30	7.14286	55	23.5584	0.003695
			19	26		29	11.5385	66	25.219	0.001861		29	11.5385	104	30.4959	0.035041		29	11.5385	66	25.219	0.002444
			20	25		27	8	55	16.6433	0.001655		27	8	91	27.2947	0.032194		27	8	55	16.6433	0.002688
			21	24		26	8.33333	61	18.4662	0.001466		26	8.33333	96	27.2029	0.022911		26	8.33333	61	18.4662	0.001831
			22	23		25	8.69565	65	18.5742	0.001474		25	8.69565	120	30.8869	0.010943		25	8.69565	65	18.5742	0.025226
			23	22		25	13.6364	65	18.5742	0.002011		25	13.6364	124	29.8664	0.006858		24	9.09091	91	21.4709	0.026386
			24	21		24	14.2857	91	21.4709	0.012287		24	14.2857	115	28.1603	0.009122		23	9.52381	90	24.2487	0.002301
			25	20		22	10	65	15.3297	0.001512		22	10	87	21.9773	0.054924		22	10	65	15.3297	0.002077
			26	19		21	10.5263	61	18.303	0.001608		21	10.5263	91	22.4277	0.01129		21	10.5263	61	18.303	0.002143
			27	19		20	5.26316	55	14.5945	0.001574		20	5.26316	92	22.4944	0.04406		20	5.26316	55	14.5945	0.006245
			28	18		20	11.1111	55	14.5945	0.001564		20	11.1111	95	21.9773	0.015817		19	5.55556	66	17.9444	0.001563

LUTZ3.IN2   	89	3	548		549	0.182482	3	2.23607	0.000614		549	0.182482	552	531.174	0.497933		549	0.182482	3	2.23607	0.260123
			4	411		419	1.94647	32	23.4947	0.035098		419	1.94647	451	402.091	0.324837		419	1.94647	32	23.4947	0.13995
			5	329		341	3.64742	61	45.111	0.004532		341	3.64742	420	334.174	0.304824		341	3.64742	61	45.111	0.071921
			6	275		279	1.45455	30	14.2127	0.002013		279	1.45455	309	262.578	0.292083		279	1.45455	30	14.2127	0.031403
			7	236		244	3.38983	64	32.1248	0.009539		244	3.38983	308	228.98	0.299268		244	3.38983	64	32.1248	0.058769
			8	207		213	2.89855	60	31.1127	0.002988		213	2.89855	273	197.719	0.212753		213	2.89855	60	31.1127	0.057346
			9	184		189	2.71739	57	24.6779	0.002749		189	2.71739	264	180.787	0.167758		189	2.71739	57	24.6779	0.035051
			10	165		174	5.45455	96	48.1664	0.030266		174	5.45455	270	163.414	0.154295		174	5.45455	96	48.1664	0.030509
			11	151		160	5.96026	116	44.8107	0.004139		160	5.96026	276	149.947	0.159358		160	5.96026	116	44.8107	0.016895
			12	138		148	7.24638	132	68.7895	0.03387		148	7.24638	298	153.747	0.122847		148	7.24638	132	68.7895	0.008886
			13	128		137	7.03125	137	57.7841	0.005152		137	7.03125	274	131.833	0.123353		137	7.03125	137	57.7841	0.037385
			14	118		128	8.47458	148	61.0574	0.004561		128	8.47458	276	126.333	0.096674		128	8.47458	148	61.0574	0.033454
			15	110		122	10.9091	186	76.3937	0.005112		122	10.9091	308	129.908	0.157779		122	10.9091	186	76.3937	0.004049
			16	105		115	9.52381	196	100.916	0.005705		115	9.52381	341	129.688	0.146786		115	9.52381	196	100.916	0.005883
			17	98		109	11.2245	209	74.7596	0.005387		109	11.2245	336	121.737	0.102604		109	11.2245	209	74.7596	0.006749
			18	93		100	7.52688	156	45.299	0.003766		100	7.52688	315	100.95	0.091547		100	7.52688	156	45.299	0.025777
			19	89		95	6.74157	161	55.0908	0.004072		95	6.74157	286	94.5198	0.088651		95	6.74157	161	55.0908	0.008853
			20	85		94	10.5882	236	73.3621	0.051543		94	10.5882	360	109.38	0.052724		94	10.5882	236	73.3621	0.014354
			21	80		91	13.75	267	81.2465	0.005283		91	13.75	388	111.095	0.070355		91	13.75	267	81.2465	0.00372
			22	76		86	13.1579	248	71.7217	0.005303		86	13.1579	334	98.9444	0.077054		86	13.1579	248	71.7217	0.00611
			23	74		81	9.45946	219	60.8358	0.003461		81	9.45946	330	97.0876	0.072611		81	9.45946	219	60.8358	0.005615

MUKHERJE.IN2   	94	3	1403		1414	0.784034	34	33.0151	0.031544		1414	0.784034	1448	1314.95	1.90433		1414	0.784034	34	33.0151	0.910134
			4	1052		1060	0.760456	32	19.6469	0.0316		1060	0.760456	1092	962.015	1.58685		1060	0.760456	32	19.6469	0.389465
			5	844		858	1.65877	82	67.4981	0.032714		858	1.65877	940	761.798	1.27445		858	1.65877	82	67.4981	0.288233
			6	704		714	1.42045	76	37.9473	0.006502		721	2.41477	839	628.833	0.934102		721	2.41477	118	89.3644	0.240319
			7	621		625	0.644122	167	141.538	0.047917		629	1.28824	824	555.201	0.860135		629	1.28824	195	148.219	0.188627
			8	532		541	1.69173	120	65.7723	0.04939		541	1.69173	661	457.68	0.705664		541	1.69173	120	65.7723	0.1897
			9	471		487	3.39703	175	82.1401	0.012617		487	3.39703	790	409.558	0.676977		487	3.39703	175	82.1401	0.145718
			10	424		435	2.59434	142	84.7231	0.008179		435	2.59434	705	357.744	0.603594		435	2.59434	142	84.7231	0.145392
			11	391		399	2.04604	181	100.851	0.054044		399	2.04604	580	321.764	0.55616		399	2.04604	181	100.851	0.12039
			12	358		364	1.67598	160	73.1437	0.029003		364	1.67598	524	277.482	0.52414		364	1.67598	160	73.1437	0.127786
			13	325		337	3.69231	173	65.6125	0.016757		351	8	706	314.544	0.427736		351	8	355	167.072	0.060936
			14	311		328	5.46624	384	152.02	0.048688		328	5.46624	712	292.862	0.404734		328	5.46624	384	152.02	0.073414
			15	288		306	6.25	382	138.362	0.028996		306	6.25	791	346.466	0.377794		306	6.25	382	138.362	0.058817
			16	268		288	7.46269	400	150.924	0.065672		288	7.46269	816	283.065	0.344928		288	7.46269	400	150.924	0.066167
			17	251		263	4.78088	263	90.5041	0.010198		263	4.78088	654	225.765	0.399681		263	4.78088	263	90.5041	0.05226
			18	239		251	5.02092	310	119.29	0.067053		251	5.02092	561	215.97	0.346015		251	5.02092	310	119.29	0.055832
			19	226		247	9.29204	485	196.782	0.024793		247	9.29204	732	272.085	0.324755		247	9.29204	485	196.782	0.032748
			20	220		245	11.3636	692	264.352	0.045749		245	11.3636	937	307.374	0.349439		245	11.3636	692	264.352	0.027556
			21	208		224	7.69231	496	176.952	0.041037		238	14.4231	1028	305.752	0.278731		238	14.4231	790	254.562	0.01121
			22	200		217	8.5	566	178.32	0.062429		217	8.5	783	241.903	0.241257		217	8.5	566	178.32	0.04877
			23	189		208	10.0529	576	166.235	0.028366		208	10.0529	784	223.428	0.293172		208	10.0529	576	166.235	0.026952
			24	179		189	5.58659	328	99.7497	0.029513		189	5.58659	620	222.216	0.235793		189	5.58659	328	99.7497	0.058208
			25	172		185	7.55814	417	128.152	0.035394		185	7.55814	705	233.172	0.231285		185	7.55814	417	128.152	0.031673
			26	171		182	6.43275	524	168.125	0.017925		182	6.43275	809	258.807	0.197757		182	6.43275	524	168.125	0.043219

ARC111.IN2   	111	3	50133		51274	2.27595	3423	3057.97	1.77441		51274	2.27595	54788	nan	77.4772		51274	2.27595	3423	3057.97	38.0124
			4	37600		37855	0.678191	1021	893.891	0.421549		37855	0.678191	38967	35215.8	60.3731		37855	0.678191	1021	893.891	14.1004
			5	30080		31328	4.14894	6241	3383.13	1.92681		31328	4.14894	37660	29215.4	48.1301		31328	4.14894	6241	3383.13	12.8389
			6	25067		25757	2.75262	4143	2145.44	1.41516		25757	2.75262	29991	23358.8	48.7019		25757	2.75262	4143	2145.44	11.0397
			7	21486		22446	4.46803	6723	4386.58	1.94226		22446	4.46803	29260	20328.6	34.9566		22446	4.46803	6723	4386.58	7.81777
			8	18800		19790	5.26596	7921	4198.57	1.75649		19790	5.26596	27802	17682.5	30.231		19790	5.26596	7921	4198.57	6.76571
			9	16711		17427	4.2846	6444	2702.98	1.22601		17427	4.2846	27196	16758.5	27.9776		17427	4.2846	6444	2702.98	6.24724
			10	15040		16119	7.1742	10791	5509.82	1.89578		16119	7.1742	31460	16626.3	24.3909		16119	7.1742	10791	5509.82	4.80517
			11	13673		14402	5.33168	8023	3869.53	1.27043		14402	5.33168	22516	12533.1	23.1185		14402	5.33168	8023	3869.53	4.94528
			12	12534		13706	9.35057	14073	7036.25	2.10595		13706	9.35057	27870	13039.9	20.3253		13706	9.35057	14073	7036.25	3.62277
			13	11570		12484	7.89974	11893	6128.46	1.76773		12780	10.4581	31356	14660.2	18.5553		12780	10.4581	15741	7229.81	3.41241
			14	10747		11617	8.09528	12239	5024.64	1.70226		11617	8.09528	27181	11966.3	18.7042		11617	8.09528	12239	5024.64	3.42614
			15	10035		10875	8.3707	12726	5429.91	1.49223		10918	8.7992	28839	12211.9	16.9524		10918	8.7992	13371	5656.65	3.15862
			16	9412		10580	12.4097	18881	7471.26	2.3777		10580	12.4097	34011	12542.1	15.2218		10580	12.4097	18881	7471.26	1.15673
			17	8855		9726	9.83625	14943	5266.35	1.56056		9726	9.83625	29664	11485.9	14.9466		9726	9.83625	14943	5266.35	2.74637
			18	8376		9546	13.9685	21429	8220.09	2.18217		9546	13.9685	35970	12441.2	13.1819		9546	13.9685	21429	8220.09	0.780142
			19	7920		8867	11.9571	18074	6930.44	1.71307		8867	11.9571	33161	11164.4	12.8765		8867	11.9571	18074	6930.44	2.05578
			20	7520		8624	14.6809	22081	7604.58	2.08676		8624	14.6809	36925	11909.5	12.0299		8624	14.6809	22081	7604.58	0.64448
			21	7181		8134	13.2711	20415	6629.74	1.81522		8134	13.2711	28549	10425.4	11.7961		8134	13.2711	20415	6629.74	1.79883
			22	6839		7899	15.4993	23379	7572.91	2.03642		8130	18.877	36591	11740.6	11.0028		7899	15.4993	23379	7572.91	1.35225
			23	6551		7593	15.906	24240	7443.12	1.9926		7593	15.906	31924	9019.76	10.4835		7593	15.906	24240	7443.12	1.2653
			24	6273		7252	15.6066	23649	7236.23	1.89568		7252	15.6066	30992	8931.87	10.2132		7252	15.6066	23649	7236.23	1.17681
			25	6085		7026	15.4643	25251	8053.82	1.97908		7026	15.4643	32368	9297.19	9.75189		7026	15.4643	25251	8053.82	1.03478
			26	5844		6988	19.5756	31289	8996.84	2.35678		6988	19.5756	38368	9970.36	9.04058		6988	19.5756	31289	8996.84	0.130073
			27	5689		6468	13.6931	24237	7070.23	1.51402		6468	13.6931	33540	9630.42	9.17362		6468	13.6931	24237	7070.23	1.26407

BARTHOL2.IN2   	148	27	157		167	6.36943	275	84.6463	0.052743		167	6.36943	442	150.373	0.427331		167	6.36943	275	84.6463	0.033518
			28	152		163	7.23684	330	130.215	0.030585		163	7.23684	493	162.022	0.427861		163	7.23684	330	130.215	0.029218
			29	146		159	8.90411	377	112.628	0.035572		159	8.90411	536	158.934	0.414423		159	8.90411	377	112.628	0.03125
			30	142		152	7.04225	326	103.547	0.027862		152	7.04225	552	162.142	0.391367		152	7.04225	326	103.547	0.092603
			31	137		147	7.29927	323	89.8053	0.055779		147	7.29927	518	157.582	0.397345		147	7.29927	323	89.8053	0.031718
			32	133		142	6.76692	310	85.9767	0.037239		142	6.76692	452	132.627	0.389291		142	6.76692	310	85.9767	0.01557
			33	129		138	6.97674	320	77.0844	0.034118		138	6.97674	532	143.944	0.355069		138	6.97674	320	77.0844	0.026467
			34	125		134	7.2	322	79.1454	0.026171		134	7.2	456	127.138	0.373171		134	7.2	322	79.1454	0.023378
			35	121		132	9.09091	386	122.458	0.037388		132	9.09091	518	135.831	0.355142		132	9.09091	386	122.458	0.029115
			36	118		128	8.47458	374	89.0281	0.033714		128	8.47458	665	158.212	0.344528		128	8.47458	374	89.0281	0.036424
			37	115		128	11.3043	374	89.0281	0.034036		128	11.3043	678	162.074	0.318756		128	11.3043	374	89.0281	0.022044
			38	112		125	11.6071	516	117.686	0.034797		125	11.6071	641	144.295	0.325003		125	11.6071	516	117.686	0.031846
			39	109		124	13.7615	602	139.921	0.051366		124	13.7615	726	156.978	0.278687		124	13.7615	602	139.921	0.034631
			40	106		119	12.2642	526	123.329	0.054151		119	12.2642	645	151.271	0.280681		119	12.2642	526	123.329	0.051901
			41	104		118	13.4615	604	147.085	0.071158		118	13.4615	722	156.665	0.26689		118	13.4615	604	147.085	0.021201
			42	101		113	11.8812	512	108.176	0.052051		113	11.8812	673	147.374	0.306653		113	11.8812	512	108.176	0.033774
			43	99		110	11.1111	496	101.902	0.052063		110	11.1111	654	142.787	0.27163		110	11.1111	496	101.902	0.028713
			44	97		106	9.27835	430	88.6341	0.037142		108	11.3402	674	142.766	0.265326		108	11.3402	518	110.977	0.026009
			45	95		104	9.47368	446	92.0435	0.032652		104	9.47368	624	131.818	0.280749		104	9.47368	446	92.0435	0.033837
			46	93		104	11.828	446	92.0435	0.063462		104	11.828	654	132.076	0.243252		104	11.828	446	92.0435	0.041282
			47	91		102	12.0879	560	117.439	0.033676		102	12.0879	662	128.88	0.275231		102	12.0879	560	117.439	0.036488
			48	89		98	10.1124	470	100.24	0.083312		100	12.3596	666	126.673	0.238258		100	12.3596	566	110.036	0.03614
			49	87		98	12.6437	470	100.24	0.040663		98	12.6437	666	129.877	0.265508		97	11.4943	616	124.844	0.02697
			50	85		94	10.5882	466	90.8075	0.071992		94	10.5882	608	125.603	0.225766		94	10.5882	466	90.8075	0.023992
			51	84		93	10.7143	509	102.387	0.024879		93	10.7143	602	118.423	0.280478		93	10.7143	509	102.387	0.018303

BARTHOLD.IN2   	148	3	1878		1879	0.0532481	3	3	0.023359		1879	0.0532481	1882	1831.26	4.63046		1879	0.0532481	3	3	2.37928
			4	1409		1416	0.496806	30	18.3848	0.020605		1416	0.496806	1446	1368.8	3.53807		1416	0.496806	30	18.3848	0.898926
			5	1127		1135	0.709849	41	23.6854	0.043647		1135	0.709849	1176	1087.98	2.8688		1135	0.709849	41	23.6854	0.74901
			6	939		965	2.7689	156	138.42	0.074352		965	2.7689	1169	951.681	2.36579		965	2.7689	156	138.42	0.569511
			7	805		813	0.993789	57	30.348	0.056323		813	0.993789	904	775.506	2.1251		813	0.993789	57	30.348	0.527924
			8	705		711	0.851064	54	28.178	0.035014		711	0.851064	799	674.051	1.85368		711	0.851064	54	28.178	0.494948
			9	626		633	1.11821	63	27.5862	0.019303		637	1.75719	736	592.324	1.73045		637	1.75719	99	50.5866	0.426287
			10	564		572	1.41844	86	40.694	0.021478		572	1.41844	658	526.475	1.57435		572	1.41844	86	40.694	0.363044
			11	513		539	5.06823	295	160.845	0.10541		539	5.06823	834	519.9	1.32694		539	5.06823	295	160.845	0.103925
			12	470		488	3.82979	222	134.722	0.057807		488	3.82979	784	488.002	1.25296		488	3.82979	222	134.722	0.295771
			13	434		457	5.29954	307	219.547	0.087142		457	5.29954	764	467.38	1.12749		457	5.29954	307	219.547	0.275966
			14	403		421	4.4665	260	175.909	0.057331		421	4.4665	715	422.172	1.07682		421	4.4665	260	175.909	0.246097
			15	383		390	1.82768	216	127.687	0.019872		408	6.52741	928	519.75	1.01202		408	6.52741	486	339.273	0.066608

SCHOLL.IN2   	297	25	2787		2943	5.59742	3920	1705.48	1.46063		2943	5.59742	6863	2366.33	24.0563		2943	5.59742	3920	1705.48	1.82883
			26	2680		2818	5.14925	3613	1249.09	1.34322		2818	5.14925	6431	2206.25	23.3424		2818	5.14925	3613	1249.09	1.89217
			27	2580		2693	4.37985	3056	1409.27	1.08634		2693	4.37985	5749	1878.11	22.5906		2693	4.37985	3056	1409.27	2.04242
			28	2488		2574	3.45659	2417	648.804	0.806907		2574	3.45659	4991	1603.35	22.2162		2574	3.45659	2417	648.804	2.11118
			29	2402		2466	2.66445	1859	476.564	0.611763		2466	2.66445	4325	1471.88	21.7566		2466	2.66445	1859	476.564	2.30613
			30	2322		2414	3.9621	2765	716.233	0.866353		2414	3.9621	5179	1794.91	21.0733		2414	3.9621	2765	716.233	1.90633
			31	2247		2358	4.93992	3443	978.036	1.10573		2358	4.93992	7187	2533.24	19.9714		2358	4.93992	3443	978.036	1.65621
			32	2177		2290	5.19063	3625	1011.83	1.10022		2290	5.19063	7301	2575.09	19.2512		2290	5.19063	3625	1011.83	1.5551
			33	2111		2240	6.11085	4265	1355.8	1.27139		2240	6.11085	6505	2035.69	18.6291		2240	6.11085	4265	1355.8	0.702511
			34	2049		2146	4.73402	3309	1071.11	0.973147		2152	5.02684	5665	1662.66	18.3514		2152	5.02684	3513	1143.33	1.50846
			35	1991		2092	5.07283	3565	1231.1	1.04137		2104	5.67554	7475	2321.2	17.7337		2104	5.67554	3985	1403.55	0.801436
			36	1935		2083	7.64858	5333	1512.96	1.48095		2083	7.64858	8802	2681.63	16.9795		2083	7.64858	5333	1512.96	0.274087
			37	1883		2030	7.80669	5455	1779.92	1.49873		2030	7.80669	7485	2267.89	16.4548		2030	7.80669	5455	1779.92	0.903001
			38	1834		2018	10.0327	7029	2176.91	1.82387		2018	10.0327	9047	2500.09	15.7141		2018	10.0327	7029	2176.91	0.191815
			39	1787		1956	9.45719	6629	2082.01	1.65378		1966	10.0168	8985	2403.16	15.2979		1966	10.0168	7019	2117.4	1.8275
			40	1742		1914	9.87371	6905	2144.82	1.72017		1914	9.87371	8819	2293.24	15.0828		1914	9.87371	6905	2144.82	0.49991
			41	1700		1857	9.23529	6482	1656.26	1.62384		1857	9.23529	8339	1943.25	14.8193		1857	9.23529	6482	1656.26	1.96169
			42	1659		1795	8.19771	5735	1563.91	1.39799		1795	8.19771	7530	1780.62	14.7012		1795	8.19771	5735	1563.91	0.728482
			43	1621		1743	7.52622	5294	1387.13	1.27085		1750	7.95805	7345	1694.74	14.3167		1750	7.95805	5595	1444.85	0.737832
			44	1584		1696	7.07071	4969	1263.47	1.09164		1696	7.07071	6665	1594.71	13.1594		1696	7.07071	4969	1263.47	0.870892
			45	1549		1668	7.68238	5405	1356.33	1.15518		1668	7.68238	7073	1644.17	12.8648		1668	7.68238	5405	1356.33	0.741275
			46	1515		1624	7.19472	5049	1187.39	1.0679		1624	7.19472	6673	1586.73	12.5272		1624	7.19472	5049	1187.39	0.789854
			47	1483		1611	8.63115	6062	1538.23	1.21471		1611	8.63115	7673	1760.48	12.0938		1611	8.63115	6062	1538.23	0.396768
			48	1452		1610	10.8815	7625	1756.13	1.52157		1610	10.8815	9235	2146.67	11.5578		1610	10.8815	7625	1756.13	0.106123
			49	1423		1557	9.41673	6638	1800.34	1.35191		1557	9.41673	8195	1943.17	11.5176		1557	9.41673	6638	1800.34	1.49619
			50	1394		1518	8.89527	6245	1621.95	1.22636		1518	8.89527	7763	1799.91	10.6421		1518	8.89527	6245	1621.95	0.46253
			51	1386		1484	7.07071	6029	1499.8	0.860621		1484	7.07071	7513	1742.79	10.153		1484	7.07071	6029	1499.8	0.63801
			52	1386		1453	4.83405	5901	1438.82	0.571274		1453	4.83405	7354	1698.42	9.99187		1453	4.83405	5901	1438.82	0.586892

