-------------------------------------------------------------------------------------------------------------------------------------------------------------------------------------------------------

								Lower Bound					Upper Bound					Binary Search
						---------------------------------------------		---------------------------------------------		---------------------------------------------
Problem		n	m	c*		c	%dev	BD	SX	CPU(time)		c	%dev	BD	SX	CPU(time)		c	%dev	BD	SX	CPU(time)

-------------------------------------------------------------------------------------------------------------------------------------------------------------------------------------------------------
BUXEY.IN2   	29	7	47		49	4.25532	19	15.3297	0.000348		51	8.51064	84	42.5911	0.005412		51	8.51064	33	24.4336	0.000716
			8	41		43	4.87805	20	11.1355	0.000342		43	4.87805	83	44.3509	0.003093		43	4.87805	20	11.1355	0.000799
			9	37		38	2.7027	18	8	0.000278		38	2.7027	56	26.1916	0.002736		38	2.7027	18	8	0.000781
			10	34		35	2.94118	26	10.2956	0.000427		35	2.94118	61	23.7276	0.002435		35	2.94118	26	10.2956	0.000585
			11	32		34	6.25	50	21.2603	0.000501		34	6.25	84	36.2215	0.002133		34	6.25	50	21.2603	0.000418
			12	28		30	7.14286	36	15.2971	0.000358		32	14.2857	92	32.619	0.00223		32	14.2857	60	25.923	0.000438
			13	27		28	3.7037	40	13.8564	0.000358		28	3.7037	68	23.5372	0.001925		28	3.7037	40	13.8564	0.00045
			14	25		26	4	40	15.8114	0.00018		26	4	66	19.8494	0.001978		26	4	40	15.8114	0.000542

SAWYER30.IN2   	30	7	47		48	2.12766	12	6.63325	0.00098		48	2.12766	60	46.3897	0.006783		48	2.12766	12	6.63325	0.001198
			8	41		45	9.7561	36	23.1517	0.001111		45	9.7561	81	44.1475	0.005463		45	9.7561	36	23.1517	0.001
			9	37		39	5.40541	27	17.2916	0.00056		39	5.40541	68	31.273	0.00302		39	5.40541	27	17.2916	0.001758
			10	34		35	2.94118	26	13.8564	0.000442		35	2.94118	63	26.3629	0.003102		35	2.94118	26	13.8564	0.000955
			11	31		33	6.45161	39	19.4165	0.000478		33	6.45161	74	28	0.003569		33	6.45161	39	19.4165	0.000596
			12	28		29	3.57143	24	10.3923	0.000329		29	3.57143	62	25.7294	0.002693		29	3.57143	24	10.3923	0.001035
			13	26		28	7.69231	40	19.4936	0.000428		28	7.69231	77	26.7769	0.003242		28	7.69231	40	19.4936	0.00051
			14	25		25	0	26	11.4018	9.7e-05		25	0	60	19.6469	0.002046		25	0	26	11.4018	0.003643

LUTZ1.IN2   	32	8	1860		1928	3.65591	1284	640.294	0.013568		1928	3.65591	3904	1854.22	0.131327		1928	3.65591	1284	640.294	0.028138
			9	1638		1726	5.37241	1394	573.233	0.018573		1726	5.37241	3120	1696.32	0.105332		1726	5.37241	1394	573.233	0.018814
			10	1526		1628	6.68414	2140	836.148	0.017568		1628	6.68414	3964	1658.78	0.106592		1628	6.68414	2140	836.148	0.011896
			11	1400		1466	4.71429	1986	1072.88	0.00634		1466	4.71429	3452	1491.42	0.09024		1466	4.71429	1986	1072.88	0.023374
			12	1400		1400	0	2660	1349.42	0.00244		1346	-3.85714	3358	1432.26	0.082017		1400	0	2660	1349.42	0.011296

GUNTHER.IN2   	35	6	84		87	3.57143	39	32.2335	0.001149		87	3.57143	128	59.0254	0.01045		87	3.57143	39	32.2335	0.002081
			7	72		73	1.38889	28	21.4942	0.000617		73	1.38889	103	49.97	0.014455		73	1.38889	28	21.4942	0.001645
			8	63		67	6.34921	53	29.7489	0.001156		67	6.34921	122	51.923	0.009731		67	6.34921	53	29.7489	0.001287
			9	54		57	5.55556	30	15.0997	0.000596		57	5.55556	89	32.5115	0.011482		57	5.55556	30	15.0997	0.001956
			10	50		51	2	27	13.5277	0.000517		51	2	80	27.8209	0.006221		51	2	27	13.5277	0.006665
			11	48		48	0	45	19.105	0.000795		48	0	95	36.3731	0.010823		48	0	45	19.105	0.001122
			12	44		44	0	45	21.4243	0.002735		44	0	91	33.2415	0.005031		44	0	45	21.4243	0.001382
			13	42		42	0	63	29.3087	0.000575		42	0	109	39.128	0.010683		42	0	63	29.3087	0.001183
			14	40		42	5	63	29.3087	0.000442		42	5	149	55.9553	0.003348		41	2.5	132	51.923	0.000638
			15	40		40	0	117	47.7807	0.000313		39	-2.5	141	57.7495	0.003475		40	0	117	47.7807	0.006112

KILBRID.IN2   	45	3	184		185	0.543478	3	2.23607	0.000301		185	0.543478	188	180.083	0.029945		185	0.543478	3	2.23607	0.01316
			4	138		147	6.52174	36	34.0588	0.001531		147	6.52174	183	145.887	0.020205		147	6.52174	36	34.0588	0.004189
			5	111		113	1.8018	13	11.0905	0.000591		116	4.5045	166	108.157	0.019724		116	4.5045	28	24.2074	0.003729
			6	92		94	2.17391	12	12	0.005389		94	2.17391	106	89.3308	0.013955		94	2.17391	12	12	0.004756
			7	79		80	1.26582	8	5.47723	0.000538		80	1.26582	93	75.3459	0.016844		80	1.26582	8	5.47723	0.003473
			8	69		71	2.89855	16	9.05539	0.000889		76	10.1449	132	81.5721	0.011397		76	10.1449	56	37.3095	0.006538
			9	62		64	3.22581	24	17.3781	0.001244		66	6.45161	130	66.3777	0.015637		66	6.45161	42	26.6458	0.002595
			10	56		57	1.78571	18	10.6771	0.000654		57	1.78571	97	51.3517	0.011529		57	1.78571	18	10.6771	0.008834
			11	55		55	0	53	26.3249	0.00019		51	-7.27273	65	46.8295	0.014031		55	0	53	26.3249	0.001274

HAHN.IN2   	53	3	4787		4940	3.19616	794	659.007	0.043344		4940	3.19616	5734	4076.75	0.623046		4940	3.19616	794	659.007	0.338935
			4	3677		3808	3.56269	1206	847.534	0.061795		3808	3.56269	5014	3265.16	0.531053		3808	3.56269	1206	847.534	0.128101
			5	2823		2830	0.247963	124	62.9444	0.006761		2830	0.247963	2954	2055.78	0.634988		2830	0.247963	124	62.9444	0.105548
			6	2400		2478	3.25	842	517.426	0.021524		2478	3.25	3320	1851.28	0.39081		2478	3.25	842	517.426	0.069945
			7	2336		2400	2.73973	2774	1783.32	0.065632		2400	2.73973	5174	2452.77	0.287048		2400	2.73973	2774	1783.32	0.019433
			8	1907		2015	5.66335	2094	1247.09	0.040501		2015	5.66335	4109	2167.01	0.25427		2015	5.66335	2094	1247.09	0.03794
			9	1827		1827	0	2417	1164.45	0.010101		1827	0	4244	1756.06	0.223765		1827	0	2417	1164.45	0.048434
			10	1775		1792	0.957747	3894	1662.82	0.002947		1792	0.957747	5686	2275.22	0.184529		1792	0.957747	3894	1662.82	0.009334

WARNECKE.IN2   	58	3	516		533	3.29457	51	41.4849	0.003255		533	3.29457	584	519.875	0.100409		533	3.29457	51	41.4849	0.020723
			4	387		390	0.775194	12	7.34847	0.000714		390	0.775194	402	375.329	0.069491		390	0.775194	12	7.34847	0.017964
			5	310		323	4.19355	67	61.1474	0.002747		323	4.19355	390	312.099	0.052007		323	4.19355	67	61.1474	0.012409
			6	258		271	5.03876	78	60.2661	0.002897		271	5.03876	349	260.597	0.04477		271	5.03876	78	60.2661	0.01104
			7	222		226	1.8018	34	24.1661	0.001144		226	1.8018	260	212.193	0.043742		226	1.8018	34	24.1661	0.016908
			8	194		196	1.03093	20	9.27362	0.000826		196	1.03093	216	181.549	0.053523		196	1.03093	20	9.27362	0.012041
			9	172		178	3.48837	54	25.219	0.00255		178	3.48837	232	165.481	0.040242		178	3.48837	54	25.219	0.00894
			10	155		163	5.16129	82	45.0999	0.002168		163	5.16129	245	155.535	0.036237		163	5.16129	82	45.0999	0.008414
			11	142		151	6.33803	113	56.9122	0.002672		151	6.33803	286	134.796	0.042244		151	6.33803	113	56.9122	0.00627
			12	130		138	6.15385	108	46.7547	0.002137		138	6.15385	268	121.334	0.028743		138	6.15385	108	46.7547	0.006003
			13	120		125	4.16667	77	29	0.00175		125	4.16667	257	106.85	0.024239		125	4.16667	77	29	0.00607
			14	111		116	4.5045	76	29.0861	0.001685		119	7.20721	259	111.207	0.022353		119	7.20721	118	66.8581	0.005465
			15	104		111	6.73077	117	50.9411	0.002068		111	6.73077	250	100.23	0.021192		111	6.73077	117	50.9411	0.00493
			16	98		103	5.10204	100	34.3802	0.002003		103	5.10204	225	87.6299	0.020906		103	5.10204	100	34.3802	0.004655
			17	92		99	7.6087	135	62.8411	0.002228		99	7.6087	234	96.8917	0.018921		99	7.6087	135	62.8411	0.004366
			18	87		95	9.1954	162	83.9405	0.002495		95	9.1954	257	96.3172	0.018011		95	9.1954	162	83.9405	0.002937
			19	84		90	7.14286	162	79.4229	0.002884		90	7.14286	252	91.7715	0.017227		90	7.14286	162	79.4229	0.003344
			20	79		85	7.59494	152	49.8799	0.002388		85	7.59494	237	84.6936	0.01669		85	7.59494	152	49.8799	0.003484
			21	76		80	5.26316	132	61.384	0.002141		82	7.89474	271	100.245	0.016532		82	7.89474	174	69.4118	0.005348
			22	73		77	5.47945	146	44.8107	0.002415		77	5.47945	245	80.7527	0.017122		77	5.47945	146	44.8107	0.003046
			23	69		76	10.1449	200	68.1616	0.003995		76	10.1449	298	97.5295	0.017388		76	10.1449	200	68.1616	0.001945
			24	66		74	12.1212	228	67.5426	0.003083		74	12.1212	324	88.8482	0.017825		74	12.1212	228	67.5426	0.002594
			25	64		72	12.5	252	72.4707	0.003846		72	12.5	346	97.4782	0.014985		72	12.5	252	72.4707	0.002601
			26	64		70	9.375	272	81.9146	0.003503		70	9.375	364	97.0567	0.015181		70	9.375	272	81.9146	0.002479
			27	60		67	11.6667	261	73.1915	0.003813		67	11.6667	350	86.3944	0.014217		67	11.6667	261	73.1915	0.002267
			28	59		63	6.77966	216	50.5569	0.002636		63	6.77966	301	65.8255	0.017056		63	6.77966	216	50.5569	0.002896
			29	56		59	5.35714	163	37.054	0.003203		59	5.35714	321	87.367	0.014587		59	5.35714	163	37.054	0.002764

TONGE70.IN2   	70	3	1170		1178	0.683761	24	20.3961	0.002226		1178	0.683761	1202	1136	0.271666		1178	0.683761	24	20.3961	0.163473
			4	878		882	0.455581	18	17.0294	0.003401		882	0.455581	900	839.955	0.239405		882	0.455581	18	17.0294	0.062536
			5	702		706	0.569801	20	11.5758	0.001446		706	0.569801	726	691.26	0.201439		706	0.569801	20	11.5758	0.053648
			6	585		594	1.53846	54	27.7128	0.00287		594	1.53846	648	563.592	0.167949		594	1.53846	54	27.7128	0.042456
			7	502		505	0.59761	25	12.6095	0.001491		505	0.59761	530	473.605	0.144673		505	0.59761	25	12.6095	0.047182
			8	439		445	1.36674	50	21.4476	0.002772		445	1.36674	510	428.28	0.138751		445	1.36674	50	21.4476	0.032539
			9	391		396	1.27877	54	29.7321	0.002115		396	1.27877	450	356.014	0.119571		396	1.27877	54	29.7321	0.029025
			10	352		357	1.42045	60	23.6643	0.002253		357	1.42045	417	343.16	0.186497		357	1.42045	60	23.6643	0.037573
			11	320		324	1.25	54	21.0713	0.002329		335	4.6875	510	313.021	0.127802		335	4.6875	175	149.469	0.025447
			12	294		300	2.04082	90	32.1248	0.003539		300	2.04082	390	287.044	0.114217		300	2.04082	90	32.1248	0.014462
			13	271		277	2.21402	91	40.6571	0.002776		277	2.21402	368	248.387	0.11451		277	2.21402	91	40.6571	0.019752
			14	251		257	2.39044	88	34.7563	0.002868		257	2.39044	400	246.917	0.125528		257	2.39044	88	34.7563	0.010254
			15	235		244	3.82979	150	50.5569	0.004703		244	3.82979	427	227.115	0.116708		244	3.82979	150	50.5569	0.008033
			16	221		227	2.71493	122	39.7995	0.003062		227	2.71493	349	213.923	0.120858		227	2.71493	122	39.7995	0.01709
			17	208		216	3.84615	162	59.0424	0.007988		221	6.25	483	239.906	0.10437		221	6.25	247	107.615	0.005704
			18	196		204	4.08163	162	69.3109	0.003676		207	5.61224	463	212.488	0.121452		207	5.61224	216	93.8829	0.030935
			19	186		202	8.60215	328	149.426	0.007679		202	8.60215	612	191.734	0.071464		202	8.60215	328	149.426	0.009052
			20	177		186	5.08475	210	56.7274	0.010084		202	14.1243	732	253.665	0.072882		202	14.1243	328	149.426	0.00249
			21	170		178	4.70588	228	75.326	0.00899		178	4.70588	465	173.312	0.071425		178	4.70588	228	75.326	0.012776
			22	162		177	9.25926	384	122.589	0.007488		177	9.25926	561	194.291	0.10603		177	9.25926	384	122.589	0.003687
			23	156		164	5.12821	262	65.3605	0.004173		164	5.12821	426	160.393	0.120663		164	5.12821	262	65.3605	0.018445
			24	156		157	0.641026	258	90.9835	0.000877		157	0.641026	474	167.595	0.068369		157	0.641026	258	90.9835	0.01227
			25	156		156	0	390	129.314	0.00038		151	-3.20513	475	173.589	0.066575		156	0	390	129.314	0.002589

WEE-MAG.IN2   	75	3	500		503	0.6	10	9.05539	0.001589		503	0.6	513	499.098	0.193378		503	0.6	10	9.05539	0.090016
			4	375		379	1.06667	17	16.0312	0.001964		379	1.06667	396	369.343	0.159721		379	1.06667	17	16.0312	0.036073
			5	300		302	0.666667	11	7.68115	0.00143		302	0.666667	317	292.529	0.120221		302	0.666667	11	7.68115	0.034282
			6	250		251	0.4	7	6.08276	0.000948		253	1.2	272	243.409	0.12465		253	1.2	19	12.1244	0.021755
			7	215		217	0.930233	20	16.3095	0.001602		217	0.930233	237	211.393	0.095464		217	0.930233	20	16.3095	0.023138
			8	188		191	1.59574	29	16.9411	0.001732		191	1.59574	220	181.764	0.072317		191	1.59574	29	16.9411	0.021823
			9	167		172	2.99401	49	38.5097	0.002221		172	2.99401	221	164.058	0.074283		172	2.99401	49	38.5097	0.014429
			10	150		155	3.33333	51	25.5539	0.00549		155	3.33333	206	152.493	0.065735		155	3.33333	51	25.5539	0.011548
			11	137		139	1.45985	30	11.9164	0.005198		139	1.45985	169	120.42	0.061428		139	1.45985	30	11.9164	0.011592
			12	125		132	5.6	85	34.2199	0.00344		132	5.6	217	130.572	0.056856		132	5.6	85	34.2199	0.014082
			13	116		119	2.58621	48	26.4197	0.001716		119	2.58621	167	100.334	0.050368		119	2.58621	48	26.4197	0.011371
			14	108		110	1.85185	41	14.2478	0.001409		110	1.85185	195	95.6818	0.048686		110	1.85185	41	14.2478	0.00489
			15	100		104	4	61	23.3452	0.002173		106	6	197	101.247	0.046262		106	6	91	36.0694	0.003354
			16	94		97	3.19149	53	18.4662	0.002606		97	3.19149	171	80.9382	0.051728		97	3.19149	53	18.4662	0.010726
			17	89		92	3.37079	65	25.671	0.001979		92	3.37079	157	77.026	0.04317		92	3.37079	65	25.671	0.004068
			18	84		89	5.95238	103	34.7419	0.005224		89	5.95238	209	81.6149	0.040568		89	5.95238	103	34.7419	0.005035
			19	84		86	2.38095	135	40.6817	0.003679		86	2.38095	221	79.4166	0.041911		86	2.38095	135	40.6817	0.009756
			20	77		80	3.8961	101	30.8058	0.003131		85	10.3896	286	92.5095	0.032953		80	3.8961	101	30.8058	0.01815
			21	72		75	4.16667	76	24	0.002072		75	4.16667	151	69.7352	0.030138		75	4.16667	76	24	0.006318
			22	69		71	2.89855	63	19.7737	0.001626		71	2.89855	165	62.8252	0.037006		71	2.89855	63	19.7737	0.004743
			23	66		70	6.06061	111	40.3113	0.007198		70	6.06061	193	72.2703	0.026704		70	6.06061	111	40.3113	0.002767
			24	66		69	4.54545	157	59.9083	0.00325		69	4.54545	226	69.6563	0.032372		69	4.54545	157	59.9083	0.00277
			25	66		66	0	151	46.2925	0.00319		66	0	260	70.4557	0.022286		66	0	151	46.2925	0.015344
			26	65		65	0	191	51.1957	0.00851		65	0	321	76.2824	0.029225		65	0	191	51.1957	0.005484
			27	63		65	3.1746	191	51.1957	0.006026		65	3.1746	342	80.2247	0.024386		65	3.1746	191	51.1957	0.002607
			28	63		64	1.5873	293	66.7608	0.00535		64	1.5873	357	81	0.037523		64	1.5873	293	66.7608	0.00378
			29	63		63	0	328	76.6551	0.021584		63	0	429	88.5946	0.016832		62	-1.5873	361	73.6546	0.002454
			30	56		60	7.14286	301	62.0403	0.007296		60	7.14286	361	82.4682	0.027515		60	7.14286	301	62.0403	0.004499

ARC83.IN2   	83	3	25236		25277	0.162466	124	87.7268	0.024155		25277	0.162466	25401	21870.4	12.1151		25277	0.162466	124	87.7268	7.72015
			4	18927		19141	1.13066	857	551.461	0.13909		19141	1.13066	19998	15889.7	12.1563		19141	1.13066	857	551.461	3.10053
			5	15142		15326	1.21516	923	547.069	0.113586		15326	1.21516	16249	12120.8	10.8311		15326	1.21516	923	547.069	2.66957
			6	12620		12838	1.72742	1321	667.012	0.179132		12838	1.72742	14159	9729.79	8.38853		12838	1.72742	1321	667.012	2.22152
			7	10826		11066	2.21689	1755	850.237	0.164307		11066	2.21689	12821	7931.05	8.07305		11066	2.21689	1755	850.237	1.95581
			8	9554		9752	2.07243	2309	1589.07	0.230757		9752	2.07243	12061	6847.92	8.07877		9752	2.07243	2309	1589.07	1.83135
			9	8499		8542	0.505942	1171	564.634	0.110336		8542	0.505942	9713	5871	7.82754		8542	0.505942	1171	564.634	2.04911
			10	7580		7835	3.36412	2643	1108.8	0.2596		7835	3.36412	10478	5268.78	7.23744		7835	3.36412	2643	1108.8	1.70782
			11	7084		7125	0.578769	2668	1354.33	0.23993		7125	0.578769	9793	4907.16	6.74835		7125	0.578769	2668	1354.33	1.57642
			12	6412		6735	5.03743	5113	2770.68	0.558018		6735	5.03743	11848	4980.01	6.05115		6735	5.03743	5113	2770.68	1.38889
			13	5864		6165	5.13301	4438	1640.62	0.47678		6165	5.13301	10603	4289.27	5.93131		6165	5.13301	4438	1640.62	1.18565
			14	5441		5581	2.57306	2427	798.003	0.172837		5581	2.57306	8008	3380.47	5.30321		5581	2.57306	2427	798.003	1.27945
			15	5104		5441	6.60266	5908	2277.62	0.414395		5441	6.60266	11349	4676.92	4.68551		5441	6.60266	5908	2277.62	0.279042
			16	4850		5058	4.28866	5221	1809.22	0.341898		5058	4.28866	10279	4035.2	4.46833		5058	4.28866	5221	1809.22	0.929872
			17	4516		4674	3.49867	3751	1369.24	0.222132		4674	3.49867	8425	3504.89	4.27243		4674	3.49867	3751	1369.24	0.953245
			18	4317		4443	2.91869	4267	1311.07	0.289084		4443	2.91869	8710	3565.24	4.28431		4443	2.91869	4267	1311.07	0.320729
			19	4068		4323	6.26844	6430	1854.23	0.384955		4323	6.26844	10753	3700.77	3.91123		4323	6.26844	6430	1854.23	0.128348
			20	3882		4039	4.04431	5073	1405.21	0.32564		4039	4.04431	9112	3510.86	3.85914		4039	4.04431	5073	1405.21	0.807947
			21	3691		3921	6.23137	6634	1959.4	0.275974		3921	6.23137	10555	3264.81	3.55876		3921	6.23137	6634	1959.4	0.263684
			22	3691		3691	0	5495	1688.11	0.000467		3679	-0.325115	8910	3655.42	3.64157		3691	0	5495	1688.11	0.471729

LUTZ2.IN2   	89	9	54		55	1.85185	10	5.09902	0.001077		55	1.85185	65	47.697	0.09257		55	1.85185	10	5.09902	0.005049
			10	49		50	2.04082	15	9.32738	0.001082		50	2.04082	65	43.1161	0.054833		50	2.04082	15	9.32738	0.004663
			11	45		45	0	10	4.69042	0.000792		45	0	63	37.4833	0.072263		45	0	10	4.69042	0.004552
			12	41		42	2.43902	19	8.06226	0.001136		42	2.43902	61	35.2562	0.040801		42	2.43902	19	8.06226	0.026257
			13	38		39	2.63158	22	9.59166	0.00118		39	2.63158	61	32.6956	0.043162		39	2.63158	22	9.59166	0.023234
			14	35		36	2.85714	19	8.42615	0.001142		36	2.85714	55	29.5127	0.050949		36	2.85714	19	8.42615	0.003596
			15	33		34	3.0303	25	11.8743	0.00117		34	3.0303	59	28.0179	0.082516		34	3.0303	25	11.8743	0.003658
			16	31		32	3.22581	27	11.2694	0.00118		32	3.22581	67	25.8263	0.021798		32	3.22581	27	11.2694	0.003566
			17	29		30	3.44828	25	9.21954	0.001178		30	3.44828	55	23.9374	0.029245		30	3.44828	25	9.21954	0.028036
			18	28		29	3.57143	37	21.9317	0.001601		29	3.57143	66	24.6577	0.009636		29	3.57143	37	21.9317	0.022774
			19	26		27	3.84615	28	9.69536	0.001261		27	3.84615	63	22.1133	0.043348		27	3.84615	28	9.69536	0.003368
			20	25		26	4	35	13.2288	0.001316		26	4	78	24.8193	0.071422		26	4	35	13.2288	0.00269
			21	24		25	4.16667	40	12.5698	0.001415		25	4.16667	73	22.0681	0.019048		25	4.16667	40	12.5698	0.002569
			22	23		24	4.34783	43	13.6748	0.001372		24	4.34783	75	22.2486	0.008994		24	4.34783	43	13.6748	0.002742
			23	22		23	4.54545	44	14.4222	0.001241		23	4.54545	75	21.2368	0.032604		23	4.54545	44	14.4222	0.002227
			24	21		22	4.7619	43	13.4536	0.001242		22	4.7619	82	21.4009	0.024479		22	4.7619	43	13.4536	0.002036
			25	20		22	10	43	13.4536	0.00166		22	10	87	21.5639	0.013055		22	10	43	13.4536	0.001995
			26	19		20	5.26316	35	10.3441	0.001234		20	5.26316	72	18.7617	0.041624		20	5.26316	35	10.3441	0.002035
			27	19		20	5.26316	35	10.3441	0.001686		20	5.26316	75	18.5203	0.025261		20	5.26316	35	10.3441	0.002064
			28	18		19	5.55556	47	14.8661	0.001292		19	5.55556	83	21.1424	0.02447		19	5.55556	47	14.8661	0.001645

LUTZ3.IN2   	89	3	548		549	0.182482	3	2.23607	0.000717		549	0.182482	552	537.139	0.501167		549	0.182482	3	2.23607	0.287556
			4	411		411	0	0	0	0.000372		411	0	423	393.42	0.428635		411	0	0	0	0.120589
			5	329		339	3.03951	51	42.6028	0.003933		339	3.03951	390	329.982	0.344265		339	3.03951	51	42.6028	0.071681
			6	275		278	1.09091	24	17.72	0.001776		278	1.09091	302	266.571	0.283344		278	1.09091	24	17.72	0.082455
			7	236		240	1.69492	36	20.6882	0.022832		240	1.69492	276	229.015	0.243032		240	1.69492	36	20.6882	0.054446
			8	207		211	1.93237	44	25.3772	0.032914		211	1.93237	255	200.801	0.220339		211	1.93237	44	25.3772	0.054599
			9	184		187	1.63043	39	16.8226	0.002325		187	1.63043	256	169.198	0.168871		187	1.63043	39	16.8226	0.074345
			10	165		173	4.84848	86	46.9468	0.00378		173	4.84848	259	168.122	0.174003		173	4.84848	86	46.9468	0.032841
			11	151		152	0.662252	28	11.5758	0.001559		156	3.31126	258	136.733	0.142363		156	3.31126	72	30.133	0.012602
			12	138		138	0	12	4.89898	0.00082		138	0	180	112.543	0.222747		138	0	12	4.89898	0.012974
			13	128		130	1.5625	46	21.587	0.002014		130	1.5625	206	106.151	0.145747		130	1.5625	46	21.587	0.024857
			14	118		123	4.23729	78	28.3549	0.003553		125	5.9322	243	120.246	0.13129		125	5.9322	106	47.3286	0.004568
			15	110		117	6.36364	111	64.2262	0.04605		117	6.36364	287	111.826	0.09391		117	6.36364	111	64.2262	0.010003
			16	105		110	4.7619	116	42.45	0.004919		110	4.7619	238	103.827	0.114374		110	4.7619	116	42.45	0.029561
			17	98		101	3.06122	73	23.5584	0.009475		101	3.06122	204	82.2679	0.098422		101	3.06122	73	23.5584	0.04616
			18	93		97	4.30108	102	36.7967	0.020974		97	4.30108	229	89.2356	0.091663		97	4.30108	102	36.7967	0.004219
			19	89		92	3.37079	104	48.6415	0.003253		92	3.37079	208	87.51	0.128748		92	3.37079	104	48.6415	0.020889
			20	85		90	5.88235	156	57.9483	0.003792		90	5.88235	246	97.6012	0.089192		90	5.88235	156	57.9483	0.027007
			21	80		87	8.75	183	54.3047	0.004406		87	8.75	282	88.9157	0.112974		87	8.75	183	54.3047	0.004129
			22	76		81	6.57895	138	39.6232	0.029246		81	6.57895	219	83.3487	0.081539		81	6.57895	138	39.6232	0.008443
			23	74		77	4.05405	127	40.1123	0.001804		77	4.05405	204	72.1942	0.09098		77	4.05405	127	40.1123	0.003837

MUKHERJE.IN2   	94	3	1403		1405	0.142552	7	6.08276	0.00359		1405	0.142552	1412	1352.09	2.09155		1405	0.142552	7	6.08276	1.15309
			4	1052		1053	0.095057	4	2.44949	0.00127		1053	0.095057	1057	1000.17	1.58262		1053	0.095057	4	2.44949	0.3657
			5	844		844	0	12	11.0454	0.002195		844	0	856	791.888	1.48664		844	0	12	11.0454	0.370372
			6	704		704	0	16	12.2474	0.002088		704	0	720	651.168	1.15734		704	0	16	12.2474	0.245373
			7	621		628	1.12721	188	147.024	0.044296		628	1.12721	816	591.567	1.0106		628	1.12721	188	147.024	0.206915
			8	532		539	1.31579	104	95.121	0.031426		539	1.31579	697	450.345	0.833056		539	1.31579	104	95.121	0.23296
			9	471		473	0.424628	49	30.6757	0.005102		473	0.424628	522	422.62	0.769535		473	0.424628	49	30.6757	0.195629
			10	424		424	0	32	15.748	0.002869		424	0	456	372.502	0.72184		424	0	32	15.748	0.170528
			11	391		394	0.767263	126	77.5758	0.042073		394	0.767263	520	350.22	0.652002		394	0.767263	126	77.5758	0.109241
			12	358		362	1.11732	136	92.0109	0.010967		362	1.11732	523	327.046	0.617251		362	1.11732	136	92.0109	0.154731
			13	325		327	0.615385	43	19.7231	0.003588		327	0.615385	370	233.024	0.609678		327	0.615385	43	19.7231	0.072727
			14	311		316	1.60772	216	150.519	0.018417		316	1.60772	532	291.692	0.528601		316	1.60772	216	150.519	0.014925
			15	288		293	1.73611	187	126.337	0.072879		293	1.73611	534	252.389	0.50621		293	1.73611	187	126.337	0.137069
			16	268		271	1.1194	128	61.7738	0.006001		271	1.1194	453	217.989	0.530933		271	1.1194	128	61.7738	0.070626
			17	251		258	2.78884	178	81.9756	0.02975		258	2.78884	436	221.088	0.45017		258	2.78884	178	81.9756	0.054242
			18	239		244	2.09205	184	80	0.027085		244	2.09205	428	207.581	0.445841		244	2.09205	184	80	0.029989
			19	226		238	5.30973	314	190.284	0.013381		238	5.30973	552	235.155	0.480461		238	5.30973	314	190.284	0.022879
			20	220		224	1.81818	272	173.286	0.037354		224	1.81818	496	230.365	0.416294		224	1.81818	272	173.286	0.104773
			21	208		211	1.44231	223	115.918	0.009858		211	1.44231	434	162.08	0.414461		211	1.44231	223	115.918	0.034338
			22	200		204	2	280	118.507	0.015522		207	3.5	553	188.072	0.374731		207	3.5	346	147.452	0.034875
			23	189		193	2.1164	231	99.955	0.050808		193	2.1164	424	151.493	0.340166		193	2.1164	231	99.955	0.043566
			24	179		182	1.67598	160	53.8145	0.012835		182	1.67598	396	135.787	0.391353		182	1.67598	160	53.8145	0.053166
			25	172		176	2.32558	192	69.7997	0.004268		176	2.32558	422	152.584	0.349703		176	2.32558	192	69.7997	0.052243
			26	171		171	0	238	80.025	0.000713		171	0	463	156.694	0.338636		171	0	238	80.025	0.030886

ARC111.IN2   	111	3	50133		50137	0.00797878	12	9.48683	0.00331		50137	0.00797878	50149	nan	95.267		50137	0.00797878	12	9.48683	49.8695
			4	37600		37684	0.223404	337	304.426	0.182445		37684	0.223404	38112	37525.6	73.7557		37684	0.223404	337	304.426	18.829
			5	30080		30226	0.485372	731	490.809	0.294174		30815	2.44348	34703	30807.8	71.2668		30815	2.44348	3676	3258.98	18.0919
			6	25067		25264	0.785894	1185	619.999	0.547234		25624	2.22204	29667	25588.3	55.5141		25624	2.22204	3345	3057.56	12.9092
			7	21486		21928	2.05715	3097	3075.04	0.988419		21928	2.05715	25116	21979.2	46.3337		21928	2.05715	3097	3075.04	11.7705
			8	18800		18901	0.537234	809	537.177	0.239997		19060	1.38298	21515	17074.9	41.6305		19060	1.38298	2081	1435.51	10.2905
			9	16711		16948	1.41823	2133	1078.34	0.680156		16948	1.41823	19172	16860.7	37.6907		16948	1.41823	2133	1078.34	9.69742
			10	15040		15841	5.3258	8011	7321.86	1.85048		15841	5.3258	23943	16524.2	33.9697		15841	5.3258	8011	7321.86	7.30874
			11	13673		14126	3.3131	4987	4149.45	1.18756		14126	3.3131	19204	12188.6	31.4062		14126	3.3131	4987	4149.45	7.18775
			12	12534		12850	2.52114	3801	2213.62	0.936706		12850	2.52114	17187	11332.4	28.8622		12850	2.52114	3801	2213.62	6.9649
			13	11570		11950	3.28436	4951	2246.82	0.892615		11950	3.28436	18328	10377.3	26.3543		11950	3.28436	4951	2246.82	2.84751
			14	10747		10984	2.20527	3377	1880.98	0.54575		10984	2.20527	16758	9809.34	25.5765		10984	2.20527	3377	1880.98	2.82801
			15	10035		10376	3.39811	5241	2201.45	0.872714		10376	3.39811	15870	10459.1	23.1797		10376	3.39811	5241	2201.45	2.34558
			16	9412		9740	3.48491	5441	1719.31	0.803564		9740	3.48491	15181	9801.4	21.8357		9740	3.48491	5441	1719.31	2.0832
			17	8855		9118	2.97007	4607	1778.54	0.656401		9118	2.97007	14423	9208.87	20.9117		9118	2.97007	4607	1778.54	2.16923
			18	8376		8607	2.75788	4527	1675.21	0.651279		8607	2.75788	13670	8690.01	19.877		8607	2.75788	4527	1675.21	2.14882
			19	7920		8289	4.65909	7092	2096.35	0.913958		8289	4.65909	15472	8511.98	18.6342		8289	4.65909	7092	2096.35	1.59394
			20	7520		8030	6.78191	10201	5324.89	1.32827		8070	7.31383	19071	9443.48	17.3445		8070	7.31383	11001	5050.4	1.02908
			21	7181		7651	6.54505	10272	4348.14	1.33413		7651	6.54505	18621	9048.15	16.697		7651	6.54505	10272	4348.14	1.12699
			22	6839		7285	6.52142	9871	4372.38	1.15538		7285	6.52142	17247	6974.43	16.0785		7285	6.52142	9871	4372.38	1.18207
			23	6551		6962	6.27385	9727	3767.3	1.07633		6962	6.27385	16780	6383.22	15.4099		6962	6.27385	9727	3767.3	1.07618
			24	6273		6663	6.21712	9513	3118.08	1.01474		6734	7.34896	18042	6998.92	14.7779		6734	7.34896	11217	3604.77	0.855275
			25	6085		6490	6.65571	11851	3894.43	1.28197		6490	6.65571	18715	6460.64	14.2175		6490	6.65571	11851	3894.43	0.791118
			26	5844		6174	5.64682	10125	3434.93	1.02466		6174	5.64682	17523	5602.8	14.042		6174	5.64682	10125	3434.93	0.958955
			27	5689		6084	6.94322	13869	3824.79	1.10681		6084	6.94322	21177	6502.34	13.2329		6084	6.94322	13869	3824.79	0.330503

BARTHOL2.IN2   	148	27	157		161	2.54777	113	32.4808	0.007263		161	2.54777	292	144.651	0.522211		161	2.54777	113	32.4808	0.084856
			28	152		154	1.31579	78	21.4009	0.005035		154	1.31579	272	131.659	0.529908		154	1.31579	78	21.4009	0.057765
			29	146		151	3.42466	145	43.8976	0.028886		151	3.42466	296	129.677	0.470118		151	3.42466	145	43.8976	0.033776
			30	142		144	1.40845	86	30.0666	0.033026		144	1.40845	248	124.932	0.47911		144	1.40845	86	30.0666	0.063777
			31	137		140	2.18978	106	41.9047	0.006978		142	3.64963	310	132.454	0.474872		142	3.64963	168	69.0652	0.036285
			32	133		137	3.00752	150	43.6119	0.029547		137	3.00752	287	122.911	0.464451		137	3.00752	150	43.6119	0.026742
			33	129		132	2.32558	122	33.2265	0.015073		132	2.32558	254	104.087	0.462446		132	2.32558	122	33.2265	0.06465
			34	125		128	2.4	118	52.5928	0.049289		130	4	316	127.898	0.43011		130	4	186	70.4982	0.023612
			35	121		127	4.95868	211	68.942	0.016664		127	4.95868	338	128.546	0.426658		127	4.95868	211	68.942	0.033034
			36	118		123	4.23729	194	92.9193	0.016377		123	4.23729	317	115.59	0.429411		123	4.23729	194	92.9193	0.056207
			37	115		119	3.47826	169	36.8646	0.027282		119	3.47826	322	98.9444	0.399244		119	3.47826	169	36.8646	0.051693
			38	112		116	3.57143	174	53.4416	0.03008		116	3.57143	330	105.014	0.39147		116	3.57143	174	53.4416	0.055164
			39	109		113	3.66972	173	40.7308	0.028562		113	3.66972	305	106.813	0.396936		113	3.66972	173	40.7308	0.030378
			40	106		110	3.77358	166	45.9565	0.025484		112	5.66038	358	110.86	0.396053		112	5.66038	246	86.4639	0.027756
			41	104		107	2.88462	153	36.2905	0.007622		107	2.88462	319	73.7089	0.419126		107	2.88462	153	36.2905	0.046948
			42	101		107	5.94059	153	36.2905	0.02636		107	5.94059	367	107.28	0.384113		107	5.94059	153	36.2905	0.019589
			43	99		103	4.0404	195	41.1218	0.018141		105	6.06061	404	110.725	0.384645		105	6.06061	281	96.286	0.029361
			44	97		101	4.12371	210	43.0116	0.027988		101	4.12371	311	93.2684	0.365789		101	4.12371	210	43.0116	0.015794
			45	95		100	5.26316	266	90.1221	0.033087		100	5.26316	366	97.0979	0.360584		100	5.26316	266	90.1221	0.028357
			46	93		96	3.22581	182	35.805	0.04332		96	3.22581	318	82.0244	0.347362		96	3.22581	182	35.805	0.035335
			47	91		94	3.2967	184	34.2637	0.025117		94	3.2967	318	80.5109	0.367478		94	3.2967	184	34.2637	0.035831
			48	89		93	4.49438	230	47.0532	0.023279		93	4.49438	370	100.856	0.326844		93	4.49438	230	47.0532	0.033375
			49	87		90	3.44828	176	45.9565	0.007548		90	3.44828	299	81.9695	0.328201		90	3.44828	176	45.9565	0.055
			50	85		89	4.70588	216	50.7346	0.038354		89	4.70588	305	81.9939	0.301805		89	4.70588	216	50.7346	0.049396
			51	84		87	3.57143	203	38.7943	0.032009		87	3.57143	309	83.4925	0.319419		87	3.57143	203	38.7943	0.014082

BARTHOLD.IN2   	148	3	1878		1879	0.0532481	3	2.23607	0.001845		1879	0.0532481	1882	1845.28	4.98516		1879	0.0532481	3	2.23607	1.26043
			4	1409		1409	0	2	1.41421	0.001799		1409	0	1411	1375.29	3.86791		1409	0	2	1.41421	0.945294
			5	1127		1129	0.177462	11	8.18535	0.029081		1129	0.177462	1140	1095.52	3.09277		1129	0.177462	11	8.18535	0.766913
			6	939		940	0.106496	6	3.74166	0.002		940	0.106496	946	906.31	2.6098		940	0.106496	6	3.74166	0.660371
			7	805		808	0.372671	22	12	0.004804		808	0.372671	830	774.677	2.24185		808	0.372671	22	12	0.592966
			8	705		706	0.141844	14	7.48331	0.02347		706	0.141844	720	672.364	2.01514		706	0.141844	14	7.48331	0.551253
			9	626		628	0.319489	18	8.94427	0.003056		628	0.319489	646	594.443	1.81586		628	0.319489	18	8.94427	0.497105
			10	564		567	0.531915	36	14.2127	0.025373		567	0.531915	603	533.791	1.63724		567	0.531915	36	14.2127	0.223109
			11	513		517	0.779727	53	29.0345	0.025863		517	0.779727	570	485.699	1.53164		517	0.779727	53	29.0345	0.177911
			12	470		473	0.638298	42	18.9209	0.014308		473	0.638298	515	439.79	1.44942		473	0.638298	42	18.9209	0.182929
			13	434		440	1.38249	86	50.3389	0.05409		457	5.29954	764	491.221	1.24638		457	5.29954	307	264.577	0.123542
			14	403		405	0.496278	36	12.5698	0.004714		437	8.43672	921	554.89	1.12595		429	6.45161	372	328.381	0.115611
			15	383		384	0.261097	126	99.7296	0.002411		398	3.91645	768	491.632	1.12467		398	3.91645	336	284.84	0.179527

SCHOLL.IN2   	297	25	2787		2887	3.58809	2520	1554.57	1.04693		2887	3.58809	5407	2195.69	26.0092		2887	3.58809	2520	1554.57	2.60628
			26	2680		2765	3.17164	2235	1413.74	0.921309		2765	3.17164	5000	1945.54	25.4252		2765	3.17164	2235	1413.74	2.60153
			27	2580		2644	2.48062	1733	778.985	0.677992		2644	2.48062	4377	1718.28	24.7033		2644	2.48062	1733	778.985	2.70334
			28	2488		2535	1.88907	1325	540.345	0.502516		2547	2.37138	4208	1625.03	24.0099		2547	2.37138	1661	830.429	2.64151
			29	2402		2426	0.999167	699	183.087	0.273668		2426	0.999167	3125	1299.72	23.5326		2426	0.999167	699	183.087	1.37076
			30	2322		2391	2.97158	2075	762.427	0.789406		2391	2.97158	4466	1869.66	22.6012		2391	2.97158	2075	762.427	0.836612
			31	2247		2312	2.89275	2017	799.43	0.736368		2312	2.89275	5722	2672.36	21.9234		2312	2.89275	2017	799.43	2.36766
			32	2177		2217	1.83739	1289	418.02	0.466542		2219	1.92926	4965	2454.27	21.0227		2219	1.92926	1353	422.983	2.29588
			33	2111		2162	2.41592	1691	546.056	0.523841		2162	2.41592	3853	1648.08	19.2479		2162	2.41592	1691	546.056	0.859122
			34	2049		2107	2.83065	1983	730.139	0.604749		2107	2.83065	4617	1751.46	18.4874		2107	2.83065	1983	730.139	0.723516
			35	1991		2042	2.56153	1815	712.182	0.524809		2042	2.56153	3857	1690.69	18.0225		2042	2.56153	1815	712.182	0.736406
			36	1935		2036	5.21964	3641	1665.69	1.01521		2036	5.21964	5677	2106.45	17.1485		2036	5.21964	3641	1665.69	0.268244
			37	1883		1974	4.83271	3383	1109.48	0.940245		1996	6.00106	6193	1954.54	15.3787		1996	6.00106	4197	1516.41	0.594515
			38	1834		1920	4.6892	3305	1088.65	0.789379		1923	4.85278	5342	1605.21	14.7327		1923	4.85278	3419	1153.71	1.27148
			39	1787		1851	3.58142	2534	849.926	0.602746		1855	3.80526	4545	1420.44	13.3272		1855	3.80526	2690	864.029	1.26409
			40	1742		1791	2.81286	1985	797.087	0.422607		1799	3.2721	4104	1276.89	12.4099		1799	3.2721	2305	741.978	1.14188
			41	1700		1749	2.88235	2054	612.483	0.359954		1762	3.64706	4349	1267.01	10.9143		1762	3.64706	2587	869.973	0.31924
			42	1659		1704	2.71248	1913	594.97	0.337996		1704	2.71248	3617	1518.82	10.944		1704	2.71248	1913	594.97	0.46593
			43	1621		1698	4.75015	3359	1504.79	0.559043		1698	4.75015	5057	1706.31	10.3497		1698	4.75015	3359	1504.79	0.113451
			44	1584		1655	4.48232	3165	1067.54	0.548683		1655	4.48232	4820	1503.13	10.2013		1655	4.48232	3165	1067.54	0.931148
			45	1549		1614	4.19626	2975	1062.84	0.501184		1614	4.19626	4589	1414.25	10.0564		1614	4.19626	2975	1062.84	0.962264
			46	1515		1571	3.69637	2611	901.443	0.423566		1583	4.48845	4746	1314.43	9.83979		1583	4.48845	3163	1023.11	0.663299
			47	1483		1540	3.84356	2725	891.518	0.44743		1540	3.84356	4265	1518.2	9.75084		1540	3.84356	2725	891.518	0.304465
			48	1452		1533	5.57851	3929	1475.03	0.638439		1533	5.57851	5462	1723.1	9.35749		1533	5.57851	3929	1475.03	0.119483
			49	1423		1490	4.70836	3355	1238.86	0.533919		1513	6.32467	5995	1758.1	9.19169		1513	6.32467	4482	1527.48	0.345024
			50	1394		1454	4.30416	3045	1140.75	0.475655		1472	5.59541	5417	1548.19	9.04813		1472	5.59541	3945	1269.58	0.443829
			51	1386		1432	3.3189	3377	1151.22	0.303795		1438	3.7518	5121	1483.15	7.76176		1438	3.7518	3683	1182.83	0.310907
			52	1386		1393	0.50505	2781	1017.58	0.046658		1402	1.1544	4651	1383.43	7.65987		1402	1.1544	3249	1100.05	0.452403

